#   61.200  -4.257   6.812 ;Mean Elev.(m), Avg Gradient(m/km), RMS Gradient(m/km) - SRTM1     
#   45.102  -4.858   7.199 ;Mean Elev.(m), Avg Gradient(m/km), RMS Gradient(m/km) - ASTER GDEM
#   61.496  -6.187   7.094 ;Mean Elev.(m), Avg Gradient(m/km), RMS Gradient(m/km) - GMTED2010 
   1  95.824558  21.910423    66.416    66.413  4 54668.47808269 32.809
   2  95.823353  21.911303    68.065    68.058  5 54678.39372649 51.048
   4  95.828948  21.909995    67.040    67.037  4 54698.22501160 37.585
   6  95.825914  21.911101    68.501    68.552  3 54718.05630588 51.618
   8  95.817505  21.911253    64.455    64.716  5 54737.88760190 47.503
   9  95.815920  21.911590    65.143    65.097  5 54747.80324874 52.855
  10  95.816433  21.910695    63.980    64.000  5 54757.71889554 53.411
  11  95.817581  21.911056   126.331   125.902  5 54767.63454004 23.611
  13  95.819462  21.910793    65.309    65.726  5 54787.46582040 32.980
  15  95.822518  21.911661    62.539    61.299  4 54807.29709700 39.160
  16  95.827097  21.910450    61.198    61.158  4 54817.21273547 38.243
  17  95.826403  21.910816    60.942    60.895  3 54827.12838516 38.563
  18  95.822165  21.912163    60.605    60.509  5 54837.04402409 38.385
  19  95.818940  21.909885    60.458    60.416  5 54846.95967405 46.808
  20  95.816695  21.909636    60.629    60.195  5 54856.87532284 47.627
  21  95.816221  21.910231    61.163    60.828  5 54866.79097147 47.783
  22  95.816322  21.911234    60.091    60.115  5 54876.70661933 47.375
  23  95.816868  21.911847    59.936    59.932  5 54886.62226433 48.900
  24  95.815782  21.911641    60.439    60.361  5 54896.53790591 47.729
  25  95.813888  21.911714    60.534    60.457  4 54906.45354489 48.452
  26  95.814459  21.910356    60.363    59.975  5 54916.36918345 29.817
  27  95.816193  21.911047    59.911    59.977  5 54926.28482171 44.292
  28  95.819769  21.910987    60.889    60.798  5 54936.20045971 29.307
  29  95.823647  21.911287    61.423    61.495  4 54946.11609580 51.082
  30  95.827834  21.910052    60.652    60.482  3 54956.03172953 28.235
  31  95.824391  21.911053    62.435    61.001  4 54965.94737749 33.872
  32  95.821635  21.911487    61.235    61.242  5 54975.86302483 42.107
  33  95.820875  21.911438    62.855    62.041  5 54985.77867210 32.881
  35  95.822231  21.911219    62.654    62.594  5 55005.60996530 47.676
  36  95.821634  21.910727    64.797    64.743  5 55015.52560891 35.868
  37  95.820327  21.910852    67.484    67.502  5 55025.44125106 51.589
  38  95.819785  21.911280    65.199    65.199  4 55035.35689295 53.169
  39  95.821308  21.912071    66.024    65.955  5 55045.27253435 37.295
  40  95.825642  21.910331    66.120    66.086  4 55055.18817489 30.314
  41  95.827891  21.910544    66.374    66.399  4 55065.10381258 29.136
  42  95.823707  21.912365    67.819    67.815  4 55075.01945980 51.534
  43  95.819140  21.912049    64.941    64.978  5 55084.93510736 52.026
  44  95.816799  21.910973    64.960    64.953  5 55094.85075346 50.395
  45  95.816103  21.911821    65.793    65.803  4 55104.76639898 54.364
  46  95.817334  21.910867    63.423    63.421  5 55114.68204476 52.912
  47  95.818399  21.910995    63.823    63.803  4 55124.59768784 51.863
  48  95.819159  21.911138    62.115    62.144  5 55134.51332823 51.058
  49  95.819164  21.912058    61.513    61.533  5 55144.42896649 50.632
  50  95.820279  21.911278    61.027    61.016  4 55154.34460487 33.138
  51  95.822230  21.911063    61.266    61.267  5 55164.26024374 44.518
  52  95.825214  21.911346    60.831    60.751  4 55174.17588247 43.909
  53  95.828382  21.910415    60.392    60.444  4 55184.09152234 38.406
  54  95.824413  21.912066    60.322    60.298  4 55194.00717328 37.593
  55  95.820301  21.912141    60.246    60.295  5 55203.92282304 45.219
  56  95.818436  21.910754    59.918    59.877  5 55213.83847242 48.126
  57  95.817578  21.910898    59.728    59.874  4 55223.75412093 46.591
  58  95.817666  21.910245    59.535    59.506  5 55233.66976800 47.076
  59  95.818137  21.909860    59.478    59.417  5 55243.58541181 48.540
  60  95.816782  21.910263    59.760    59.689  5 55253.50105223 44.937
  61  95.815195  21.910483    60.588    60.665  5 55263.41669088 28.574
  62  95.815333  21.911790    59.843    59.837  5 55273.33232873 31.620
  63  95.818388  21.911418    59.799    59.844  5 55283.24796695 28.108
  64  95.822395  21.910723    62.402    62.362  5 55293.16360407 48.004
  65  95.824081  21.912514    61.547    61.635  4 55303.07924062 46.778
  66  95.821870  21.911580    65.332    66.239  5 55312.99488855 17.145
  67  95.819980  21.911991    61.789    61.759  5 55322.91053376 50.101
  68  95.820040  21.910756    63.114    63.115  5 55332.82617793 50.639
  69  95.819933  21.911692    63.640    63.611  5 55342.74182143 24.965
  70  95.820661  21.912029    63.123    63.133  5 55352.65746474 43.747
  71  95.822106  21.911245    64.028    64.024  4 55362.57310617 36.759
  72  95.822655  21.911767    66.789    66.770  4 55372.48874539 29.820
  73  95.823903  21.911711    67.746    67.715  4 55382.40438361 34.246
  74  95.826195  21.910359   130.719   131.022  4 55392.32002162  8.698
  75  95.829360  21.909932    67.098    67.022  3 55402.23565821 34.349
  76  95.827132  21.910333    68.234    68.265  4 55412.15130906 32.726
  77  95.823547  21.911175    67.128    67.136  4 55422.06695826 34.669
  78  95.820072  21.911749    67.466    67.486  5 55431.98260465 49.535
  79  95.817389  21.911993    67.063    67.024  5 55441.89824887 35.005
  80  95.816940  21.911914    66.532    66.557  5 55451.81389163 49.037
  81  95.819272  21.910367    66.663    66.633  5 55461.72953407 53.731
  82  95.821352  21.910580    66.287    66.236  5 55471.64517457 51.531
  83  95.822632  21.911515    67.244    67.201  4 55481.56081200 33.955
  84  95.823551  21.911999    66.842    66.903  4 55491.47644729 39.223
  85  95.825907  21.911475    66.315    66.102  4 55501.39208131 36.619
  86  95.825707  21.911536    63.555    62.754  4 55511.30772530 43.238
  87  95.823946  21.912332    66.505    66.431  4 55521.22337503 31.498
  88  95.822985  21.911426    63.536    62.494  5 55531.13902409 36.239
  89  95.821123  21.912189    61.625    61.624  5 55541.05467107 49.874
  90  95.820086  21.911592    62.396    61.491  5 55550.97031617 36.687
  91  95.819244  21.911297    61.025    60.859  5 55560.88595947 49.910
  92  95.820206  21.911001    60.923    60.895  4 55570.80160197 47.977
  93  95.821561  21.911657    60.600    60.622  5 55580.71724306 47.301
  94  95.823172  21.911422    60.750    60.740  4 55590.63288140 48.500
  95  95.824587  21.911669    60.595    60.616  4 55600.54851645 47.085
  96  95.825969  21.911404    60.278    60.228  4 55610.46414956 36.641
  97  95.828654  21.910274    60.340    60.375  3 55620.37978199 43.170
  98  95.825880  21.910661    66.321    66.440  4 55630.29543366 30.769
  99  95.824104  21.912188    66.864    67.008  4 55640.21108459 27.314
 100  95.823189  21.911877    61.724    61.697  5 55650.12673346 32.711
 101  95.821570  21.910825    61.253    61.314  5 55660.04237891 42.375
 102  95.819594  21.911085    60.505    60.429  4 55669.95802034 28.866
 103  95.819977  21.911066    61.320    61.121  5 55679.87365980 47.984
 104  95.822860  21.911995    62.442    62.403  5 55689.78929713 44.718
 105  95.827200  21.911262    61.667    61.615  3 55699.70493329 48.388
 106  95.830070  21.909818    63.772    63.785  3 55709.62057191 44.417
 107  95.826279  21.911197    65.105    65.098  4 55719.53622129 48.125
 108  95.822987  21.911867    65.970    65.957  5 55729.45186864 27.739
 109  95.821841  21.911603    66.047    66.082  4 55739.36751520 27.428
 110  95.821905  21.911250    65.453    65.434  4 55749.28316083 30.461
 111  95.822420  21.911582    66.287    66.295  4 55759.19880414 25.686
 112  95.823055  21.911458    66.787    66.854  5 55769.11444473 34.722
 113  95.823038  21.911740    66.306    66.338  5 55779.03008195 34.083
 114  95.824187  21.910957    67.030    67.031  4 55788.94571674 41.406
 115  95.826847  21.910755    67.584    67.611  4 55798.86135006 54.160
 116  95.826892  21.910702    65.182    65.173  4 55808.77699530 51.074
 117  95.826998  21.910751    66.817    66.785  4 55818.69264376 34.297
 118  95.827551  21.910795    66.462    66.466  4 55828.60828808 48.532
 119  95.827365  21.910645    66.687    66.666  4 55838.52392804 38.459
 120  95.826642  21.910438    64.409    63.905  4 55848.43956508 40.424
 121  95.828058  21.910227    66.822    66.833  4 55858.35520050 31.536
 122  95.827746  21.910019    63.134    63.124  3 55868.27084787 41.799
 123  95.827070  21.910332    62.846    61.748  4 55878.18649989 36.191
 124  95.826792  21.910875    66.405    66.304  3 55888.10214540 30.082
 125  95.826691  21.911030    60.954    60.966  4 55898.01778519 39.319
 126  95.828551  21.909725    64.076    65.660  3 55907.93342030 32.419
 127  95.825633  21.910822    60.756    60.819  4 55917.84906753 48.734
 128  95.822918  21.911533    60.655    60.619  5 55927.76472019 52.021
 129  95.822247  21.911400    60.598    60.712  5 55937.68036963 51.290
 130  95.820977  21.911802    60.553    60.560  5 55947.59601401 49.586
 131  95.819959  21.911627    60.257    60.255  5 55957.51165399 49.886
 132  95.820135  21.910674    59.996    60.051  5 55967.42729202 40.232
 133  95.821572  21.911146    60.112    60.134  4 55977.34292926 38.699
 134  95.825582  21.910415    59.834    59.833  4 55987.25856646 39.753
 135  95.829114  21.909844    60.246    60.077  3 55997.17420600 48.098
 136  95.826290  21.910586    66.773    66.686  3 56007.08985752 27.551
 137  95.822380  21.911877    60.491    60.419  4 56017.00550459 44.200
 138  95.819919  21.910159    60.090    60.086  5 56026.92114924 44.838
 139  95.818376  21.911671    61.002    61.070  5 56036.83679136 49.712
 140  95.821526  21.910656    62.124    62.070  5 56046.75243226 50.690
 141  95.825012  21.911691    61.603    61.591  4 56056.66806988 49.013
 142  95.830578  21.909337    61.123    61.163  3 56066.58370413 41.720
 143  95.827699  21.910188    61.055    61.091  4 56076.49935108 42.772
 144  95.823368  21.911046    66.024    66.079  5 56086.41499939 32.551
 145  95.821797  21.910607    65.286    65.402  5 56096.33064599 25.473
 146  95.822046  21.911156    65.981    66.017  4 56106.24629059 43.593
 147  95.823177  21.911343    67.674    67.554  5 56116.16192096 31.979
 148  95.824783  21.911277    66.611    66.616  4 56126.07755925 32.726
 149  95.826035  21.911296    67.879    67.936  4 56135.99319350 30.984
 150  95.824905  21.910401    67.516    67.464  4 56145.90883639 32.126
 151  95.822428  21.911208    66.270    66.271  4 56155.82448532 36.940
 152  95.821996  21.911492    66.626    66.569  4 56165.74013345 37.867
 153  95.822801  21.911316    66.378    66.436  4 56175.65577950 34.216
 154  95.823865  21.911831    65.095    65.092  4 56185.57142039 50.319
 155  95.824343  21.911651    67.118    67.096  4 56195.48705767 45.142
 156  95.825151  21.911030    67.282    67.238  3 56205.40269236 34.200
 157  95.827689  21.910510    67.492    67.509  3 56215.31832602 33.400
 158  95.831150  21.909428    66.070    66.433  4 56225.23396500 36.028
 159  95.829054  21.910487    66.649    66.653  3 56235.14962054 33.261
 160  95.827032  21.910385    66.528    66.488  3 56245.06527239 30.830
 161  95.823828  21.912029    62.394    61.246  4 56254.98091869 38.715
 162  95.822437  21.911922    61.066    60.900  5 56264.89656123 41.731
 163  95.822601  21.911294    60.576    60.612  5 56274.81220209 45.181
 164  95.822595  21.911567    66.226    66.192  5 56284.72784684 28.674
 165  95.821570  21.911079    60.194    60.205  4 56294.64349748 51.527
 166  95.819750  21.911468    59.853    59.947  5 56304.55914363 51.497
 167  95.818266  21.911585    60.775    59.920  5 56314.47478623 33.283
 168  95.818853  21.909835    59.818    59.801  5 56324.39042769 43.219
 169  95.820237  21.910658    59.530    59.490  5 56334.30606821 41.566
 170  95.822653  21.911472    59.517    59.510  4 56344.22170817 40.327
 171  95.825654  21.911371    59.799    59.769  4 56354.13734608 48.282
 172  95.824785  21.911318    59.343    59.284  3 56364.05299040 38.794
 173  95.821375  21.911075    66.036    66.068  4 56373.96863945 23.901
 175  95.819007  21.909864    60.118    60.087  5 56393.79992942 50.834
 176  95.820585  21.910898    61.035    61.090  5 56403.71557122 46.449
 177  95.823247  21.911884    66.750    66.664  5 56413.63121013 21.754
 178  95.827967  21.910201    61.862    61.842  4 56423.54684486 40.866
 179  95.827203  21.910226    67.385    67.508  4 56433.46248863 24.686
 180  95.821792  21.911869    61.561    61.340  5 56443.37814008 28.481
 181  95.819273  21.911489    65.276    65.514  5 56453.29378980 22.847
 182  95.818652  21.911077    63.764    63.373  4 56463.20943717 27.842
 183  95.818864  21.910904    63.785    63.770  5 56473.12508122 26.524
 184  95.819383  21.911396    65.745    65.794  5 56483.04072174 28.278
 185  95.820462  21.911475    67.000    67.015  4 56492.95635873 31.548
 186  95.823317  21.911407    66.777    66.803  5 56502.87199325 46.584
 187  95.828579  21.911011    66.153    66.207  3 56512.78762627 47.858
 188  95.829161  21.910088    66.628    66.670  4 56522.70327423 32.314
 189  95.826497  21.910678    65.878    65.770  4 56532.61892565 42.007
 191  95.821154  21.912134    68.763    68.794  5 56552.45021748 35.678
 192  95.821235  21.910781    66.984    66.893  5 56562.36586044 32.603
 193  95.822127  21.911591    66.889    66.828  5 56572.28150207 34.593
 194  95.825033  21.911236    66.519    66.503  3 56582.19714236 33.368
 195  95.829878  21.909662    67.433    67.764  3 56592.11277877 30.172
 196  95.827046  21.910378    66.784    66.728  4 56602.02842885 31.650
 197  95.822883  21.911826    61.756    61.637  5 56611.94407797 49.306
 198  95.821954  21.911084    61.155    61.152  5 56621.85972315 44.214
 199  95.821757  21.912249    60.803    60.837  5 56631.77536492 49.575
 200  95.824334  21.912076    61.855    60.461  4 56641.69100292 36.798
 201  95.823426  21.911273    60.166    60.158  5 56651.60665136 48.954
 202  95.820403  21.911344    60.036    59.987  4 56661.52230087 50.042
 203  95.818429  21.910932    59.896    59.872  4 56671.43794773 50.378
 204  95.818249  21.911077    59.648    59.725  5 56681.35359306 45.389
 205  95.820479  21.910304    59.576    59.590  5 56691.26923701 46.375
 206  95.822846  21.911976    66.826    66.879  5 56701.18487690 26.788
 207  95.825955  21.910981    63.054    62.911  4 56711.10051254 34.104
 208  95.823581  21.911258    59.534    59.493  5 56721.01615658 39.875
 210  95.817468  21.911385    59.527    59.498  5 56740.84745606 49.283
 211  95.819524  21.910243    59.516    59.461  5 56750.76310007 51.411
 212  95.822519  21.912146    59.637    59.631  5 56760.67873842 47.315
 213  95.827820  21.910540    60.193    60.181  4 56770.59437110 45.968
 214  95.823304  21.911469    66.325    66.335  4 56780.51002317 21.991
 215  95.818974  21.909991    64.688    65.158  5 56790.42567800 23.226
 216  95.815141  21.910493    61.225    61.149  5 56800.34132950 34.779
 217  95.814707  21.911659    61.442    61.025  5 56810.25697460 31.747
 218  95.817355  21.909995    61.176    61.170  5 56820.17261568 44.606
 219  95.818963  21.912039    64.952    65.204  5 56830.08825193 22.945
 221  95.824110  21.912463    65.391    65.349  4 56849.91951966 25.759
 222  95.821517  21.911590    65.580    65.720  4 56859.83517379 25.113
 223  95.820500  21.911902    65.896    65.913  5 56869.75082683 28.373
 224  95.820463  21.910994    65.314    65.498  4 56879.66647763 26.758
 225  95.819374  21.910147    67.294    67.379  5 56889.58212481 43.823
 226  95.816495  21.911037    67.624    67.630  5 56899.49776878 33.278
 227  95.814680  21.911238    67.027    66.958  5 56909.41341095 30.695
 228  95.815964  21.911514    66.483    66.815  5 56919.32905190 32.666
 229  95.820213  21.911505    66.177    66.241  5 56929.24469127 37.597
 230  95.825883  21.910478    66.603    66.618  4 56939.16032659 31.310
 231  95.829583  21.909289    66.361    66.451  3 56949.07596299 32.333
 232  95.823935  21.911298    66.582    66.514  5 56958.99161506 30.378
 233  95.820668  21.910690    61.533    61.399  5 56968.90726251 49.030
 234  95.820165  21.911441    61.111    61.155  5 56978.82290584 50.270
 235  95.822765  21.911573    60.872    60.863  4 56988.73854496 51.903
 236  95.828422  21.909882    60.437    60.391  3 56998.65417843 48.177
 237  95.826190  21.910392    60.348    60.349  4 57008.56982818 50.173
 238  95.821734  21.911320    60.036    60.083  4 57018.48548035 48.178
 239  95.819088  21.910834    61.460    61.941  5 57028.40113007 30.676
 240  95.817903  21.912060    59.648    59.664  5 57038.31677815 35.262
 241  95.820081  21.910313    59.553    59.534  5 57048.23242482 38.896
 242  95.822254  21.911382    59.543    59.537  5 57058.14806712 35.538
 243  95.824791  21.910336    64.090    65.477  4 57068.06370421 31.409
 244  95.825935  21.911086    59.600    59.665  4 57077.97933639 47.693
 245  95.827778  21.910530    60.131    60.094  4 57087.89497027 42.048
 246  95.822944  21.911827    59.607    59.621  4 57097.81062804 48.382
 247  95.821608  21.911159    59.505    59.450  4 57107.72628344 51.694
 248  95.821893  21.911625    59.596    59.606  5 57117.64193365 49.588
 249  95.822058  21.910978    60.954    60.869  5 57127.55757795 49.038
 250  95.821495  21.911184    66.558    66.833  5 57137.47321660 21.523
 251  95.822406  21.911753    62.949    62.409  5 57147.38885158 26.094
 252  95.826321  21.910938    60.172    60.183  3 57157.30448481 30.962
 253  95.827233  21.910416    66.176    66.295  4 57167.22013063 30.268
 254  95.823833  21.911210    62.823    62.515  5 57177.13578686 33.922
 255  95.820837  21.911341    65.734    65.888  5 57187.05143917 26.284
 256  95.818463  21.911579    64.989    64.975  5 57196.96708723 26.143
 257  95.817959  21.910112    64.955    65.009  5 57206.88272189 27.485
 258  95.818645  21.910123    65.632    65.570  5 57216.79836644 31.482
 259  95.820278  21.911684    66.858    66.873  5 57226.71400954 31.287
 260  95.822986  21.911369    68.197    68.153  5 57236.62965101 30.946
 261  95.824499  21.912220    66.751    66.570  4 57246.54528873 38.879
 262  95.826128  21.911068    66.420    66.419  3 57256.46092439 31.637
 263  95.827895  21.910744    67.198    67.171  3 57266.37655891 35.175
 264  95.828512  21.910157    68.356    68.316  3 57276.29220382 40.717
 265  95.826475  21.910788    66.806    66.749  3 57286.20786060 34.676
 266  95.824289  21.911407    66.781    66.789  5 57296.12351453 45.615
 267  95.822135  21.911206    66.930    66.893  5 57306.03916494 32.995
 268  95.818807  21.911923    64.225    64.191  5 57315.95481116 46.867
 269  95.816589  21.912079    65.650    66.164  5 57325.87045409 30.087
 270  95.817767  21.911009    63.274    61.988  5 57335.78609539 40.443
 271  95.818384  21.910918    61.225    61.244  5 57345.70174179 39.673
 272  95.818736  21.910097    60.917    60.912  5 57355.61738913 48.055
 273  95.818743  21.911094    60.817    60.811  4 57365.53303231 47.167
 274  95.819483  21.911046    65.934    65.803  4 57375.44867259 27.935
 275  95.821078  21.911449    66.375    66.206  5 57385.36431133 27.495
 276  95.824016  21.911384    61.199    60.192  5 57395.27995000 36.229
 277  95.828070  21.910887    60.275    60.202  3 57405.19558801 42.110
 278  95.827371  21.911138    60.314    60.275  3 57415.11123677 41.217
 279  95.824403  21.911022    61.311    59.875  4 57425.02688837 30.636
 280  95.820858  21.911131    59.725    59.748  4 57434.94253675 51.160
 281  95.819575  21.910022    60.305    60.268  5 57444.85818354 51.266
 282  95.819923  21.910107    60.016    60.031  5 57454.77382929 51.359
 283  95.821344  21.911401    60.868    60.863  4 57464.68947289 49.118
 284  95.823947  21.912406    60.329    60.290  4 57474.60511289 45.073
 285  95.826380  21.911335    61.194    61.169  3 57484.52074979 43.063
 286  95.827938  21.910245    62.643    62.613  4 57494.43638390 44.695
 287  95.831028  21.909116    64.380    64.278  3 57504.35201656 45.701
 288  95.826361  21.910949    63.499    63.541  3 57514.26767119 41.105
 289  95.823677  21.911343    61.825    61.816  4 57524.18332564 33.296
 290  95.821790  21.911067    66.060    66.518  4 57534.09897796 26.500
 291  95.819786  21.910775    63.800    63.677  5 57544.01462717 33.900
 292  95.818551  21.910824    63.912    63.794  5 57553.93027364 33.914
 293  95.818766  21.911022    65.682    65.701  4 57563.84591839 46.699
 294  95.820276  21.910178    66.490    66.533  5 57573.76156277 27.042
 295  95.820955  21.911181    67.951    67.798  5 57583.67720633 28.039
 296  95.821984  21.911171    68.179    68.186  5 57593.59284817 50.939
 297  95.822787  21.911033    69.229    69.204  5 57603.50848784 40.802
