#   11.006   0.006   2.319 ;Mean Elev.(m), Avg Gradient(m/km), RMS Gradient(m/km) - SRTM1     
#   10.021   0.076   2.561 ;Mean Elev.(m), Avg Gradient(m/km), RMS Gradient(m/km) - ASTER GDEM
#   11.000  -0.019   2.689 ;Mean Elev.(m), Avg Gradient(m/km), RMS Gradient(m/km) - GMTED2010 
   1  95.392117  18.225506    20.420    20.380  4 54667.04320062 27.428
   2  95.390994  18.226596    19.826    19.814  4 54676.95884504 30.057
   3  95.390362  18.225797    20.080    20.061  4 54686.87448762 26.886
   4  95.392259  18.225375    20.343    20.352  4 54696.79012871 28.448
   5  95.395603  18.226113    12.880    20.943  5 54706.70576934 32.146
   6  95.394262  18.226297    19.933    19.898  4 54716.62142114 28.454
   7  95.392287  18.226346  -116.907  -117.022  4 54726.53707055  3.273
   8  95.388827  18.226314    19.318    19.748  4 54736.45271837 25.355
   9  95.386011  18.227780    19.409    19.924  4 54746.36836617 27.073
  10  95.383757  18.226601    18.026    17.467  4 54756.28401311 32.578
  11  95.385181  18.227807    15.148    15.153  4 54766.19965923 36.695
  12  95.387306  18.227107    19.230    19.836  3 54776.11530189 24.803
  13  95.388711  18.226240    18.064    18.673  4 54786.03094185 24.777
  14  95.389544  18.226241    15.788    15.704  4 54795.94658037 29.480
  15  95.391016  18.226191    12.830    12.841  4 54805.86221817 48.490
  16  95.393581  18.226112    12.446    12.460  4 54815.77785543 43.559
  17  95.392974  18.226129    12.278    12.334  4 54825.69350223 50.142
  18  95.389962  18.226106    12.088    12.100  3 54835.60914131 54.021
  19  95.386324  18.226644    11.898    11.922  3 54845.52479080 51.041
  20  95.384335  18.228662    19.470    19.473  4 54855.44044025 27.859
  21  95.382686  18.228518    11.533    11.471  4 54865.35608933 44.981
  22  95.382745  18.229505    19.652    19.628  4 54875.27173844 28.912
  23  95.383029  18.227679    10.781    10.771  4 54885.18738415 40.111
  24  95.383554  18.227327    19.337    19.349  4 54895.10302661 26.155
  25  95.383121  18.226403    19.396    19.472  4 54905.01866597 26.863
  26  95.384353  18.228564    18.763    18.827  4 54914.93430464 26.101
  27  95.384797  18.227142    15.116    15.168  4 54924.84994194 27.053
  28  95.387271  18.226661    11.270    11.278  3 54934.76557884 37.359
  29  95.391434  18.225983    11.390    11.346  3 54944.68121391 39.594
  30  95.396878  18.226694    11.351    11.358  4 54954.59684713 36.128
  31  95.395562  18.225897    10.726    10.643  5 54964.51249270 41.917
  32  95.392433  18.225192    14.720    14.531  4 54974.42814049 24.117
  34  95.390212  18.226692   -52.814   -52.429  3 54994.25943634  8.591
  35  95.389540  18.226662    18.968    18.976  3 55004.17508281 23.843
  36  95.388417  18.226990    18.808    18.879  4 55014.09072707 25.677
  37  95.386921  18.226253    19.181    19.087  4 55024.00636954 30.180
  38  95.386496  18.226991    19.716    19.646  4 55033.92201157 30.499
  39  95.387470  18.226221    19.039    19.554  4 55043.83765264 28.525
  40  95.391332  18.226314    19.310    19.244  4 55053.75329247 28.632
  41  95.394712  18.225353    18.518    18.515  4 55063.66892988 53.719
  42  95.393371  18.224799    20.045    20.094  4 55073.58457504 30.773
  43  95.390221  18.225950    18.666    18.571  4 55083.50022312 31.731
  44  95.387324  18.226870    18.937    19.034  4 55093.41586992 26.624
  45  95.385875  18.227113    19.380    19.350  4 55103.33151671 45.750
  46  95.385844  18.227493    17.987    17.919  4 55113.24716343 39.734
  47  95.387012  18.227284    18.210    18.213  3 55123.16280771 41.407
  48  95.388290  18.226865    16.065    15.188  3 55133.07844898 29.293
  49  95.389085  18.227100    13.734    13.739  3 55142.99408804 36.079
  50  95.389167  18.226983    12.920    12.896  3 55152.90972609 33.218
  51  95.390267  18.226757    13.415    13.389  3 55162.82536441 41.537
  52  95.392488  18.226095    12.218    12.210  4 55172.74100240 51.656
  53  95.395707  18.225860    11.686    11.473  5 55182.65663901 43.195
  54  95.392082  18.225595    11.492    11.483  4 55192.57228988 50.305
  55  95.387924  18.226723    11.453    11.440  4 55202.48793990 52.163
  56  95.384562  18.226676    16.918    18.749  4 55212.40358934 31.688
  57  95.383788  18.227091    10.985    10.998  4 55222.31923872 41.502
  58  95.384625  18.228111    10.726    10.712  4 55232.23488709 41.368
  59  95.385649  18.226894    10.621    10.615  4 55242.15053173 52.322
  60  95.385598  18.227201    10.421    10.425  3 55252.06617300 33.844
  61  95.384315  18.227157    12.889    10.993  4 55261.98181154 30.737
  62  95.384712  18.228043    11.013    11.042  4 55271.89744922 50.434
  63  95.386813  18.227392    12.625    10.750  4 55281.81308652 29.709
  64  95.390562  18.226481    10.923    10.954  4 55291.72872272 47.151
  65  95.394978  18.225819    13.135    13.209  5 55301.64435679 35.509
  66  95.393315  18.225141    12.301    12.363  4 55311.56000395 29.742
  67  95.391618  18.226252    14.784    14.831  4 55321.47564936 36.804
  68  95.389768  18.227124    12.460    12.491  3 55331.39129379 45.009
  69  95.388384  18.226566    19.140    19.099  4 55341.30693800 27.295
  70  95.389257  18.227185    14.738    14.689  3 55351.22258248 40.349
  71  95.390347  18.226825    18.536    18.678  3 55361.13822454 24.946
  72  95.390379  18.226306    18.151    18.312  4 55371.05386418 26.370
  73  95.390358  18.226145    19.292    19.269  4 55380.96950224 27.600
  74  95.391451  18.226967    19.848    19.838  4 55390.88513973 33.188
  75  95.393955  18.225521    19.339    19.363  4 55400.80077564 27.697
  76  95.395062  18.226275    20.440    20.466  4 55410.71642424 29.239
  77  95.394441  18.226691    20.124    20.129  4 55420.63207398 29.972
  78  95.391584  18.225092    18.992    18.927  4 55430.54772023 28.203
  79  95.388908  18.227084    19.866    19.863  4 55440.46336513 29.502
  80  95.386918  18.227620    19.149    19.044  4 55450.37900856 27.592
  81  95.387252  18.227370    19.625    19.618  4 55460.29465160 36.442
  82  95.389451  18.227019    18.688    18.390  3 55470.21029378 26.930
  83  95.391827  18.225975    18.993    18.923  4 55480.12593271 28.151
  84  95.394059  18.226382    20.313    20.272  4 55490.04156916 27.817
  85  95.395331  18.226084    18.685    18.619  5 55499.95720296 38.437
  86  95.393511  18.224818    15.893    15.904  4 55509.87284368 26.369
  87  95.391446  18.226872    14.342    14.373  4 55519.78849358 53.187
  88  95.389957  18.226279    13.937    13.970  3 55529.70414201 51.437
  89  95.389683  18.227006    14.536    13.484  4 55539.61978919 30.439
  90  95.388527  18.226342    13.309    13.271  4 55549.53543397 38.373
  91  95.387035  18.227525    14.238    12.671  4 55559.45107763 29.977
  92  95.385968  18.227252    12.090    12.096  3 55569.36672032 49.112
  93  95.386882  18.226629    15.563    15.491  4 55579.28236225 27.164
  94  95.389805  18.226385    15.229    15.299  4 55589.19800188 27.349
  95  95.393424  18.225504    13.191    11.758  4 55599.11363824 27.570
  96  95.395925  18.225572    11.239    11.184  5 55609.02927201 40.496
  97  95.397093  18.225412    11.111    11.121  3 55618.94490361 36.446
  98  95.394164  18.226793    11.226    11.179  4 55628.86055156 33.736
  99  95.391703  18.225456    11.288    11.253  4 55638.77620171 33.575
 100  95.392251  18.226541    11.147    11.157  4 55648.69185041 26.294
 101  95.392512  18.226728    11.874    11.878  4 55658.60749591 35.361
 102  95.391281  18.225134    11.454    11.447  4 55668.52313718 34.160
 103  95.390988  18.226274    12.148    11.892  4 55678.43877689 27.943
 104  95.391548  18.226519    13.533    11.958  4 55688.35441475 28.778
 105  95.393254  18.226153    12.914    12.777  4 55698.27005121 29.146
 106  95.395921  18.225650    12.628    12.572  4 55708.18568789 31.859
 107  95.393361  18.224579    13.984    13.964  4 55718.10133848 30.753
 108  95.391086  18.225443    18.917    19.268  4 55728.01698671 24.575
 109  95.389700  18.227056    18.697    18.719  3 55737.93263341 26.356
 110  95.388672  18.227413    18.343    18.268  4 55747.84827854 29.427
 111  95.389058  18.226961    19.395    19.409  3 55757.76392138 27.753
 112  95.390737  18.225423    20.177    20.197  4 55767.67956148 34.851
 113  95.393624  18.225924    20.149    20.142  4 55777.59519916 29.886
 114  95.395780  18.226253    20.505    20.535  4 55787.51083437 33.354
 115  95.396908  18.225733    20.300    20.278  3 55797.42646809 33.659
 116  95.395430  18.225168    20.834    20.871  4 55807.34211129 37.277
 117  95.394281  18.226065    19.337    19.256  4 55817.25776083 28.176
 118  95.395006  18.226222    18.735    18.664  4 55827.17340686 28.626
 119  95.395529  18.225049    19.105    19.172  4 55837.08904814 30.093
 120  95.395893  18.225054    18.596    18.555  4 55847.00468630 42.624
 121  95.396968  18.226179    18.606    18.575  3 55856.92032209 34.931
 122  95.394964  18.225207    17.230    17.238  4 55866.83596548 55.442
 123  95.392547  18.226245    14.543    14.579  4 55876.75161752 46.696
 124  95.392263  18.226539    13.835    13.806  4 55886.66726341 37.039
 125  95.392640  18.225231    12.955    12.948  4 55896.58290348 48.638
 126  95.395201  18.225864    12.987    13.165  5 55906.49853918 33.998
 127  95.393900  18.226541    13.516    13.466  4 55916.41418416 29.158
 128  95.390128  18.226635    13.838    13.412  3 55926.32983782 28.521
 129  95.388723  18.227019    16.427    16.673  4 55936.24548848 26.942
 130  95.388441  18.226404    17.062    18.480  3 55946.16113407 27.481
 131  95.389170  18.226264    17.090    18.191  3 55956.07677521 27.370
 132  95.390027  18.226483    13.056    13.636  3 55965.99241356 43.013
 133  95.390672  18.226308    11.858    11.319  3 55975.90805042 48.023
 134  95.392653  18.225664    13.204    12.083  4 55985.82368632 28.190
 135  95.396940  18.226648    11.889    11.992  4 55995.73932215 35.297
 136  95.395113  18.226002    11.566    11.485  5 56005.65497329 36.583
 137  95.392800  18.224962    11.191    11.055  4 56015.57062044 45.922
 138  95.390430  18.226013    13.541    12.180  3 56025.48626522 26.361
 139  95.388583  18.226407    11.258    11.345  4 56035.40190832 47.123
 140  95.389341  18.226612    11.799    11.804  4 56045.31754966 31.599
 141  95.391423  18.226237    13.913    13.613  3 56055.23318817 26.699
 142  95.394992  18.226069    12.226    12.210  4 56065.14882289 33.310
 143  95.393911  18.225767    13.514    13.540  4 56075.06446779 25.949
 144  95.390342  18.225797    12.832    12.375  4 56084.98011673 27.076
 145  95.388984  18.226288    15.696    15.214  4 56094.89576339 30.379
 146  95.389903  18.227195    16.375    16.387  3 56104.81140814 35.425
 147  95.391255  18.226289    19.680    19.582  3 56114.72703807 30.091
 148  95.392957  18.224669    18.849    18.828  4 56124.64267575 30.372
 149  95.395723  18.225058    19.819    19.863  4 56134.55831009 30.331
 150  95.395787  18.225856    20.687    20.632  5 56144.47395072 27.654
 151  95.392382  18.225109    20.163    20.158  4 56154.38960072 29.969
 152  95.391020  18.226077    18.505    18.294  4 56164.30525021 29.336
 153  95.391140  18.226552    19.006    18.931  4 56174.22089762 27.175
 154  95.392305  18.226129    19.175    19.141  4 56184.13653978 32.398
 155  95.392696  18.224957    19.605    19.612  4 56194.05217781 34.866
 156  95.393418  18.226037    20.535    20.509  4 56203.96781330 35.603
 157  95.394736  18.225776    19.489    19.550  4 56213.88344677 53.997
 158  95.397781  18.226244    19.058    19.067  4 56223.79908144 54.921
 159  95.395142  18.225924    14.895    14.820  4 56233.71473694 42.536
 160  95.393072  18.225614    14.063    13.994  4 56243.63038858 45.336
 161  95.391191  18.226331    14.072    14.075  4 56253.54603588 45.757
 162  95.389788  18.226442    15.773    15.752  4 56263.46167895 30.602
 163  95.389747  18.227106    14.557    14.144  3 56273.37732060 33.788
 164  95.390401  18.227026    14.292    14.053  4 56283.29296450 30.031
 165  95.389293  18.226291    12.639    12.673  4 56293.20861636 41.883
 166  95.388841  18.226931    12.501    12.514  4 56303.12426406 35.663
 167  95.388055  18.227462    15.753    15.818  4 56313.03990739 29.147
 168  95.387354  18.227336    11.693    11.110  3 56322.95554816 37.093
 169  95.388008  18.227240    11.606    11.153  3 56332.87118820 45.677
 170  95.390332  18.226755    11.941    11.910  4 56342.78682776 34.466
 171  95.393577  18.225294    12.765    12.827  4 56352.70246492 26.652
 172  95.394858  18.225258    12.169    12.656  4 56362.61810625 34.720
 173  95.391640  18.225783    15.430    15.402  4 56372.53375507 24.851
 175  95.385850  18.226758    18.877    18.743  4 56392.36504586 22.217
 176  95.386963  18.226692    10.877    10.876  3 56402.28068890 28.354
 177  95.389874  18.226867    15.624    17.349  3 56412.19632933 23.975
 178  95.393822  18.226549    11.698    11.584  4 56422.11196465 30.898
 179  95.393334  18.224670    12.450    12.420  4 56432.02760505 25.400
 180  95.388880  18.226121    17.287    19.101  3 56441.94325727 26.313
 181  95.385945  18.226243    18.761    19.241  4 56451.85890669 26.438
 182  95.386272  18.226567    18.010    18.914  3 56461.77455400 26.682
 183  95.388151  18.227197    16.834    16.762  4 56471.69019824 32.122
 184  95.389961  18.226558    17.743    17.742  4 56481.60583876 35.524
 185  95.391122  18.226273    19.402    19.386  4 56491.52147573 30.263
 186  95.392564  18.225768    19.917    19.885  4 56501.43711046 32.862
 187  95.395702  18.225309    19.549    19.581  5 56511.35274406 31.059
 188  95.396877  18.226930    19.442    19.384  4 56521.26839019 31.178
 189  95.394378  18.225578    19.766    19.770  4 56531.18404311 30.698
 191  95.390714  18.225876    20.890    20.887  3 56551.01533751 30.569
 192  95.388495  18.226357    19.894    19.911  4 56560.93098005 46.385
 193  95.387823  18.226720    19.382    19.374  4 56570.84662147 50.979
 194  95.389481  18.226354    19.151    19.143  4 56580.76226148 48.873
 195  95.394717  18.226744    16.257    16.156  4 56590.67789788 46.316
 196  95.394874  18.226589    16.523    16.511  4 56600.59354525 44.229
 197  95.391297  18.225732    15.327    15.341  3 56610.50919506 37.887
 198  95.389253  18.227271    17.291    16.341  3 56620.42484103 28.990
 199  95.388016  18.226621    17.649    17.721  4 56630.34048369 26.518
 200  95.390538  18.226849    15.480    14.858  4 56640.25612335 29.770
 201  95.391488  18.225728    13.798    14.007  3 56650.17177020 27.465
 202  95.390430  18.226763    13.498    13.804  3 56660.08742151 27.019
 203  95.388362  18.226967    15.232    13.572  3 56670.00306867 26.414
 204  95.386732  18.227416    11.905    12.241  3 56679.91871342 32.383
 205  95.386879  18.227025    10.959    10.909  3 56689.83435628 44.696
 206  95.389529  18.226746    11.653    11.449  4 56699.74999632 45.160
 207  95.393702  18.226458    12.777    13.374  4 56709.66563184 32.580
 208  95.394337  18.226558    14.404    13.617  4 56719.58127256 25.956
 209  95.389514  18.226251   -48.001   -48.412  3 56729.49692431  9.211
 210  95.385950  18.227040    19.061    18.974  4 56739.41257267 23.164
 211  95.384928  18.227705    12.572    10.558  4 56749.32821738 32.524
 212  95.387113  18.226749    17.142    18.708  4 56759.24385726 23.564
 213  95.391872  18.225312    15.375    15.129  4 56769.15949098 22.863
 214  95.390816  18.225286    16.495    17.695  4 56779.07514003 23.178
 215  95.387146  18.226988    10.594    10.717  4 56788.99079547 32.460
 216  95.382823  18.227001    17.814    18.820  4 56798.90644690 24.057
 217  95.382249  18.229035    18.799    18.839  3 56808.82209289 19.968
 218  95.383674  18.226989    19.825    19.767  4 56818.73773267 23.305
 219  95.388011  18.227126    17.285    19.176  3 56828.65336950 31.576
 220  95.392257  18.225580   -47.940   -48.373  4 56838.56900293  7.858
 221  95.396399  18.225773    17.821    17.826  3 56848.48463427 36.975
 222  95.391900  18.226135    17.694    17.418  4 56858.40028866 35.343
 223  95.388710  18.226132    19.231    19.372  3 56868.31594216 28.427
 224  95.387553  18.227163    18.450    17.815  3 56878.23159409 32.080
 225  95.386260  18.226185    19.350    19.299  4 56888.14724230 34.740
 226  95.385782  18.227619    20.264    20.196  4 56898.06288822 32.136
 227  95.384453  18.228334    20.726    20.744  4 56907.97853115 33.639
 228  95.383335  18.227063    18.980    19.046  4 56917.89417151 28.931
 229  95.385179  18.227094    17.677    17.727  3 56927.80981031 36.788
 230  95.389149  18.226168    18.767    18.769  3 56937.72544514 44.982
 231  95.395024  18.226413    16.269    16.285  4 56947.64107760 38.255
 232  95.392151  18.225940    15.495    15.006  3 56957.55673088 42.344
 233  95.389645  18.226409    16.959    16.783  3 56967.47237922 28.328
 234  95.388588  18.227133    15.998    15.271  3 56977.38802393 28.650
 235  95.389491  18.227148    13.563    14.068  3 56987.30366426 40.193
 236  95.392836  18.224908    14.271    14.052  4 56997.21929844 27.878
 237  95.393270  18.224607    15.316    14.743  4 57007.13494543 24.517
 238  95.390810  18.225341    14.963    14.098  4 57017.05059950 25.456
 239  95.388837  18.226979    11.882    11.344  3 57026.96624993 31.680
 240  95.386801  18.226513    10.960    10.948  3 57036.88189782 51.050
 241  95.386981  18.226581    10.976    10.948  4 57046.79754332 46.284
 242  95.388964  18.226519    11.303    10.865  4 57056.71318537 50.510
 243  95.391538  18.226006    16.362    17.691  3 57066.62882208 28.532
 244  95.393238  18.224604    11.271    10.501  4 57076.54445434 46.260
 245  95.396988  18.226230    12.252    12.188  4 57086.46008462 30.410
 246  95.390914  18.225672    11.652    11.861  4 57096.37574316 28.867
 247  95.387492  18.226432    18.869    18.862  3 57106.29139942 19.245
 248  95.387265  18.227637    19.020    19.033  4 57116.20705131 20.153
 249  95.387707  18.227379    10.915    10.918  3 57126.12269660 42.732
 250  95.388033  18.226258    11.496    11.563  3 57136.03833614 32.772
 251  95.390378  18.226839    11.878    11.871  3 57145.95397181 29.526
 252  95.393071  18.225193    12.028    11.854  4 57155.86960446 37.330
 253  95.394907  18.226024    12.406    12.617  5 57165.78524576 27.393
 254  95.391790  18.225706    12.404    12.340  4 57175.70090148 26.470
 255  95.390558  18.227091    13.895    12.723  4 57185.61655401 22.571
 256  95.389178  18.226621    15.804    15.414  4 57195.53220226 33.637
 257  95.388202  18.227229    17.961    17.648  4 57205.44783736 34.736
 258  95.387304  18.226553    18.701    18.644  4 57215.36348262 35.538
 259  95.388298  18.226474    18.406    18.377  3 57225.27912689 34.302
 260  95.389922  18.225865    20.785    20.768  4 57235.19476914 24.840
 261  95.391568  18.225751    20.432    20.393  4 57245.11040805 26.764
 262  95.392739  18.225896    19.816    19.608  3 57255.02604421 36.569
 263  95.394068  18.226540    20.217    20.196  4 57264.94167901 31.782
 264  95.394659  18.226631    20.720    20.741  4 57274.85732016 29.432
 265  95.391896  18.225807    20.901    20.915  4 57284.77297659 35.896
 266  95.390588  18.226102    19.059    19.066  3 57294.68863058 38.379
 267  95.389213  18.226307    19.291    19.255  4 57304.60428103 35.980
 268  95.387371  18.226909    19.580    19.603  3 57314.51992788 37.028
 269  95.385214  18.226674    19.600    20.100  4 57324.43557156 26.428
 270  95.385698  18.227411    19.698    19.540  3 57334.35121394 25.123
 271  95.388104  18.227110    17.808    17.326  4 57344.26685443 27.722
 272  95.386135  18.227084    16.171    16.171  4 57354.18250857 29.728
 273  95.386888  18.226886    17.458    18.979  3 57364.09815296 25.002
 274  95.388020  18.227255    13.413    13.481  3 57374.01379391 28.557
 275  95.388758  18.226284    12.583    12.255  4 57383.92943245 47.123
 276  95.391261  18.226911    15.225    15.643  4 57393.84507085 30.691
 277  95.394700  18.226514    16.032    16.008  4 57403.76070816 31.191
 278  95.395386  18.226222    16.088    16.464  5 57413.67635367 28.917
 279  95.392118  18.225061    12.717    12.258  4 57423.59200451 38.132
 280  95.389002  18.227301    11.814    11.278  3 57433.50765342 34.503
 281  95.385804  18.227207    19.218    19.259  4 57443.42330021 24.135
 282  95.384832  18.226355    19.284    19.281  4 57453.33894651 26.170
 283  95.386615  18.226928    18.972    19.162  3 57463.25459162 22.481
 284  95.390388  18.226887    16.261    16.323  4 57473.17023310 22.461
 285  95.392811  18.225664    16.075    16.106  4 57483.08587030 25.006
 286  95.394638  18.226616    14.639    13.848  4 57493.00150463 23.783
 287  95.396492  18.225993    13.283    13.305  4 57502.91713638 27.314
 288  95.393768  18.226112    15.945    16.001  4 57512.83278746 49.555
 289  95.391483  18.225534    14.161    14.192  4 57522.74844156 27.680
 290  95.391375  18.226931    13.967    14.004  4 57532.66409397 30.511
 291  95.390139  18.226144    17.407    17.409  3 57542.57974268 36.226
 292  95.388796  18.226218    18.014    18.044  4 57552.49538898 34.090
 293  95.387611  18.226398    19.065    19.034  4 57562.41103409 33.774
 294  95.387242  18.226412    19.421    19.477  4 57572.32667898 34.847
 295  95.388144  18.226502    20.503    20.498  4 57582.24232390 38.494
 296  95.389924  18.226926    21.129    21.105  4 57592.15796709 37.260
 297  95.390731  18.226942    20.353    20.478  4 57602.07360743 24.937
