#  120.884  -6.388  37.923 ;Mean Elev.(m), Avg Gradient(m/km), RMS Gradient(m/km) - SRTM1     
#  130.130  -6.636  38.651 ;Mean Elev.(m), Avg Gradient(m/km), RMS Gradient(m/km) - ASTER GDEM
#  124.676  -6.482  38.430 ;Mean Elev.(m), Avg Gradient(m/km), RMS Gradient(m/km) - GMTED2010 
   2   128.990 54671.44420042 43.43  97.229835  25.097881   -100 -100.00 -100.00 -100.00
   2   129.102 54671.44420101 45.04  97.230967  25.095438   -100 -100.00 -100.00 -100.00
   4   125.030 54691.27548632 42.35  97.229840  25.100254   -100 -100.00 -100.00 -100.00
   4   124.943 54691.27548691 43.73  97.230972  25.097811   -100 -100.00 -100.00 -100.00
   4   125.096 54691.27548750 45.80  97.232103  25.095368   -100 -100.00 -100.00 -100.00
   6   129.999 54711.10677408 46.14  97.233103  25.100572   -100 -100.00 -100.00 -100.00
   6   129.837 54711.10677468 46.89  97.234235  25.098129   -100 -100.00 -100.00 -100.00
   6   129.746 54711.10677527 48.14  97.235366  25.095686   -100 -100.00 -100.00 -100.00
   8   123.329 54730.93807386 39.58  97.225243  25.098406 27.183 -100.00 -100.00 -100.00
   8   123.920 54730.93807445 41.84  97.226374  25.095964 19.770 -100.00 -100.00 -100.00
   8   123.197 54730.93807504 45.25  97.227506  25.093521   -100 -100.00 -100.00 -100.00
   9   124.229 54740.85372083 41.78  97.222671  25.096465 18.971 -100.00 -100.00 -100.00
   9   123.572 54740.85372142 45.22  97.223803  25.094022   -100 -100.00 -100.00 -100.00
   9   123.269 54740.85372201 45.91  97.224935  25.091579  4.381 -100.00 -100.00 -100.00
  10   125.081 54750.76936709 41.72  97.221342  25.097555 20.962 -100.00 -100.00 -100.00
  10   124.540 54750.76936768 43.76  97.222474  25.095113 32.206 -100.00 -100.00 -100.00
  10   124.190 54750.76936827 48.45  97.223605  25.092670  9.633 -100.00 -100.00 -100.00
  11   122.608 54760.68501333 38.80  97.221588  25.098239 23.078 -100.00 -100.00 -100.00
  11   122.384 54760.68501392 40.83  97.222720  25.095796 28.075 -100.00 -100.00 -100.00
  11   122.389 54760.68501451 43.80  97.223851  25.093354 32.686 -100.00 -100.00 -100.00
  12   124.150 54770.60065759 41.70  97.223149  25.097364 19.746 -100.00 -100.00 -100.00
  12   123.687 54770.60065818 45.00  97.224280  25.094921   -100 -100.00 -100.00 -100.00
  12   123.048 54770.60065877 51.25  97.225412  25.092478 22.862 -100.00 -100.00 -100.00
  13   122.209 54780.51629825 37.78  97.223892  25.098279 21.769 -100.00 -100.00 -100.00
  13   122.409 54780.51629884 39.67  97.225024  25.095837 21.433 -100.00 -100.00 -100.00
  13   122.109 54780.51629943 42.89  97.226156  25.093394 26.805 -100.00 -100.00 -100.00
  14   122.317 54790.43193660 33.83  97.224608  25.098892 16.084 -100.00 -100.00 -100.00
  14   121.763 54790.43193719 38.54  97.225740  25.096449 23.817 -100.00 -100.00 -100.00
  14   121.705 54790.43193778 39.66  97.226872  25.094006 28.389 -100.00 -100.00 -100.00
  15   122.180 54800.34757425 31.81  97.225863  25.099293 13.118 -100.00 -100.00 -100.00
  15   121.784 54800.34757484 35.62  97.226995  25.096851 23.118 -100.00 -100.00 -100.00
  15   121.762 54800.34757543 34.91  97.228126  25.094408 19.435 -100.00 -100.00 -100.00
  16   121.852 54810.26321231 35.73  97.228141  25.099577 28.401 -100.00 -100.00 -100.00
  16   122.056 54810.26321290 36.51  97.229273  25.097134 23.637 -100.00 -100.00 -100.00
  16   121.660 54810.26321349 38.24  97.230405  25.094691   -100 -100.00 -100.00 -100.00
  17   122.376 54820.17885220 37.55  97.231014  25.099775 16.740 -100.00 -100.00 -100.00
  17   122.004 54820.17885279 40.57  97.232146  25.097333   -100 -100.00 -100.00 -100.00
  17   120.687 54820.17885338 42.53  97.233278  25.094890   -100 -100.00 -100.00 -100.00
  18   122.118 54830.09450509 37.69  97.229966  25.098657 20.484 -100.00 -100.00 -100.00
  18   121.448 54830.09450568 37.53  97.231097  25.096214 22.635 -100.00 -100.00 -100.00
  19   121.978 54840.01014398 34.32  97.226926  25.098846 19.644 -100.00 -100.00 -100.00
  19   121.459 54840.01014457 36.44  97.228058  25.096404 21.578 -100.00 -100.00 -100.00
  19   121.074 54840.01014516 39.72  97.229190  25.093962 23.658 -100.00 -100.00 -100.00
  20   120.266 54849.92579313 34.80  97.223696  25.098023 22.284 -100.00 -100.00 -100.00
  20   120.744 54849.92579372 37.51  97.224827  25.095580 25.425 -100.00 -100.00 -100.00
  20   120.914 54849.92579431 39.78  97.225959  25.093138 19.593 -100.00 -100.00 -100.00
  21   120.965 54859.84144195 37.78  97.222378  25.096382 28.154 -100.00 -100.00 -100.00
  21   121.449 54859.84144254 39.77  97.223509  25.093940 24.718 -100.00 -100.00 -100.00
  21   121.148 54859.84144313 43.78  97.224640  25.091498   -100 -100.00 -100.00 -100.00
  22   120.363 54869.75709005 35.21  97.221082  25.098097 24.064 -100.00 -100.00 -100.00
  22   121.231 54869.75709064 36.70  97.222213  25.095654 17.839 -100.00 -100.00 -100.00
  22   120.581 54869.75709123 40.93  97.223345  25.093212 24.372 -100.00 -100.00 -100.00
  23   120.072 54879.67273740 35.14  97.221486  25.098223 24.078 -100.00 -100.00 -100.00
  23   120.521 54879.67273799 37.75  97.222618  25.095780 23.108 -100.00 -100.00 -100.00
  23   120.558 54879.67273858 39.55  97.223749  25.093338 24.454 -100.00 -100.00 -100.00
  24   120.097 54889.58838194 35.92  97.222740  25.096858 29.619 -100.00 -100.00 -100.00
  24   120.748 54889.58838253 37.73  97.223872  25.094416 21.601 -100.00 -100.00 -100.00
  24   120.713 54889.58838312 40.73  97.225003  25.091973 28.234 -100.00 -100.00 -100.00
  25   120.251 54899.50402292 32.66  97.221629  25.096657 15.816 -100.00 -100.00 -100.00
  25   120.482 54899.50402351 35.59  97.222761  25.094215 21.660 -100.00 -100.00 -100.00
  25   120.184 54899.50402410 32.30  97.223893  25.091773 15.725 -100.00 -100.00 -100.00
  26   120.047 54909.41966179 35.56  97.220151  25.096587 28.409 -100.00 -100.00 -100.00
  26   121.014 54909.41966238 37.63  97.221282  25.094145 18.427 -100.00 -100.00 -100.00
  26   121.247 54909.41966298 40.83  97.222414  25.091703 17.502 -100.00 -100.00 -100.00
  27   120.566 54919.33529959 34.93  97.220153  25.097325 22.504 -100.00 -100.00 -100.00
  27   121.330 54919.33530018 36.74  97.221284  25.094883 17.528 -100.00 -100.00 -100.00
  27   120.948 54919.33530077 39.78  97.222416  25.092440 22.127 -100.00 -100.00 -100.00
  28   121.325 54929.25093728 33.01  97.222127  25.098797 20.900 -100.00 -100.00 -100.00
  28   121.543 54929.25093787 37.37  97.223259  25.096355 32.219 -100.00 -100.00 -100.00
  28   121.474 54929.25093846 37.50  97.224391  25.093913   -100 -100.00 -100.00 -100.00
  29   121.760 54939.16657448 30.60  97.225618  25.099291 13.824 -100.00 -100.00 -100.00
  29   121.734 54939.16657507 35.27  97.226750  25.096848 25.715 -100.00 -100.00 -100.00
  29   121.558 54939.16657566 36.52  97.227882  25.094406 24.147 -100.00 -100.00 -100.00
  30   122.054 54949.08220991 37.17  97.228670  25.100032 29.112 -100.00 -100.00 -100.00
  30   122.214 54949.08221051 38.76  97.229801  25.097590 20.212 -100.00 -100.00 -100.00
  30   121.476 54949.08221110 40.47  97.230933  25.095148   -100 -100.00 -100.00 -100.00
  31   121.663 54958.99784776 36.25  97.230098  25.100172 32.239 -100.00 -100.00 -100.00
  31   121.808 54958.99784835 38.22  97.231230  25.097730   -100 -100.00 -100.00 -100.00
  31   120.879 54958.99784894 40.26  97.232362  25.095288   -100 -100.00 -100.00 -100.00
  32   121.913 54968.91349667 36.82  97.228827  25.098086 21.639 -100.00 -100.00 -100.00
  32   121.514 54968.91349726 38.72  97.229959  25.095644 25.869 -100.00 -100.00 -100.00
  33   121.565 54978.82914391 36.92  97.227966  25.097468 27.890 -100.00 -100.00 -100.00
  33   121.252 54978.82914450 38.86  97.229097  25.095025 30.616 -100.00 -100.00 -100.00
  35   123.155 54998.66043741 40.95  97.226199  25.099068 31.621 -100.00 -100.00 -100.00
  35   123.461 54998.66043800 42.03  97.227331  25.096625 24.642 -100.00 -100.00 -100.00
  35   123.316 54998.66043859 43.89  97.228462  25.094183   -100 -100.00 -100.00 -100.00
  36   125.154 55008.57608286 44.12  97.226357  25.097961 26.316 -100.00 -100.00 -100.00
  36   124.704 55008.57608345 46.32  97.227489  25.095518   -100 -100.00 -100.00 -100.00
  36   124.742 55008.57608404 50.44  97.228621  25.093076   -100 -100.00 -100.00 -100.00
  37   129.926 55018.49172620 40.91  97.226118  25.098263 16.021 -100.00 -100.00 -100.00
  37   129.398 55018.49172679 44.85  97.227250  25.095820 32.474 -100.00 -100.00 -100.00
  37   129.205 55018.49172738 49.16  97.228382  25.093378   -100 -100.00 -100.00 -100.00
  38   124.793 55028.40736843 42.13  97.226027  25.098230   -100 -100.00 -100.00 -100.00
  38   124.816 55028.40736902 41.98  97.227158  25.095787   -100 -100.00 -100.00 -100.00
  38   124.540 55028.40736961 41.69  97.228290  25.093345   -100 -100.00 -100.00 -100.00
  39   126.430 55038.32301001 33.97  97.225720  25.099582 21.092 -100.00 -100.00 -100.00
  39   126.372 55038.32301060 38.53  97.226852  25.097139   -100 -100.00 -100.00 -100.00
  39   126.225 55038.32301119 39.07  97.227983  25.094696   -100 -100.00 -100.00 -100.00
  40   125.637 55048.23865124 36.81  97.228046  25.098866 21.622 -100.00 -100.00 -100.00
  40   125.830 55048.23865183 39.17  97.229178  25.096423 26.935 -100.00 -100.00 -100.00
  40   126.002 55048.23865242 41.96  97.230310  25.093981 30.223 -100.00 -100.00 -100.00
  41   126.049 55058.15429006 44.32  97.229927  25.100360   -100 -100.00 -100.00 -100.00
  41   126.222 55058.15429065 44.94  97.231058  25.097918   -100 -100.00 -100.00 -100.00
  41   125.821 55058.15429124 47.20  97.232190  25.095475  6.764 -100.00 -100.00 -100.00
  42   127.459 55068.06992910 45.29  97.231858  25.098363   -100 -100.00 -100.00 -100.00
  42   127.782 55068.06992969 48.82  97.232990  25.095921   -100 -100.00 -100.00 -100.00
  43   123.768 55077.98557866 40.92  97.227135  25.099774 29.101 -100.00 -100.00 -100.00
  43   123.885 55077.98557925 41.81  97.228267  25.097332 26.972 -100.00 -100.00 -100.00
  43   123.793 55077.98557984 43.50  97.229399  25.094889   -100 -100.00 -100.00 -100.00
  44   123.233 55087.90122619 39.35  97.223495  25.098884 30.552 -100.00 -100.00 -100.00
  44   123.285 55087.90122678 40.99  97.224627  25.096442 29.515 -100.00 -100.00 -100.00
  44   123.463 55087.90122737 43.05  97.225759  25.093999 25.405 -100.00 -100.00 -100.00
  45   126.030 55097.81687242 46.98  97.222333  25.096871 30.013 -100.00 -100.00 -100.00
  45   125.789 55097.81687301 49.99  97.223465  25.094428   -100 -100.00 -100.00 -100.00
  45   125.392 55097.81687360 52.33  97.224596  25.091986 18.552 -100.00 -100.00 -100.00
  46   123.432 55107.73251743 39.85  97.221968  25.098270 21.164 -100.00 -100.00 -100.00
  46   122.820 55107.73251802 40.50  97.223100  25.095828   -100 -100.00 -100.00 -100.00
  46   122.530 55107.73251861 46.93  97.224231  25.093385   -100 -100.00 -100.00 -100.00
  47   123.670 55117.64816233 40.96  97.223623  25.097049 29.202 -100.00 -100.00 -100.00
  47   123.938 55117.64816292 43.94  97.224755  25.094607 30.297 -100.00 -100.00 -100.00
  47   123.503 55117.64816351 46.05  97.225886  25.092164   -100 -100.00 -100.00 -100.00
  48   122.770 55127.56380447 38.15  97.223883  25.097522 28.421 -100.00 -100.00 -100.00
  48   122.781 55127.56380506 40.79  97.225015  25.095080 25.494 -100.00 -100.00 -100.00
  48   122.684 55127.56380565 41.83  97.226147  25.092637 23.824 -100.00 -100.00 -100.00
  49   122.953 55137.47944447 37.54  97.223582  25.097878 21.861 -100.00 -100.00 -100.00
  49   121.952 55137.47944506 39.04  97.224714  25.095436 24.525 -100.00 -100.00 -100.00
  49   122.255 55137.47944565 41.87  97.225846  25.092993 20.768 -100.00 -100.00 -100.00
  50   121.004 55147.39508335 38.67  97.224729  25.096849   -100 -100.00 -100.00 -100.00
  50   121.678 55147.39508394 38.83  97.225861  25.094406 21.701 -100.00 -100.00 -100.00
  51   122.946 55157.31072145 37.49  97.226505  25.098173 27.598 -100.00 -100.00 -100.00
  51   122.415 55157.31072204 39.84  97.227637  25.095730 23.182 -100.00 -100.00 -100.00
  51   122.010 55157.31072263 42.11  97.228768  25.093287   -100 -100.00 -100.00 -100.00
  52   122.762 55167.22635955 36.48  97.228526  25.100026 18.234 -100.00 -100.00 -100.00
  52   122.595 55167.22636014 37.42  97.229658  25.097584 17.685 -100.00 -100.00 -100.00
  52   121.704 55167.22636073 37.92  97.230790  25.095141 27.232 -100.00 -100.00 -100.00
  53   122.571 55177.14199756 35.89  97.230910  25.100499 18.848 -100.00 -100.00 -100.00
  53   122.411 55177.14199815 37.74  97.232042  25.098057 22.663 -100.00 -100.00 -100.00
  53   121.755 55177.14199874 40.13  97.233174  25.095614   -100 -100.00 -100.00 -100.00
  54   122.176 55187.05764156 36.94  97.230923  25.099878 19.352 -100.00 -100.00 -100.00
  54   122.285 55187.05764215 38.79  97.232054  25.097435 20.070 -100.00 -100.00 -100.00
  54   120.831 55187.05764274 43.61  97.233186  25.094993   -100 -100.00 -100.00 -100.00
  55   122.431 55196.97329255 33.27  97.227327  25.099770 19.530 -100.00 -100.00 -100.00
  55   122.177 55196.97329314 34.64  97.228458  25.097328 17.501 -100.00 -100.00 -100.00
  55   120.858 55196.97329373 37.66  97.229590  25.094885 29.851 -100.00 -100.00 -100.00
  56   120.313 55206.88894233 32.43  97.224558  25.099303 22.628 -100.00 -100.00 -100.00
  56   120.648 55206.88894292 34.68  97.225690  25.096861 26.859 -100.00 -100.00 -100.00
  56   121.003 55206.88894351 38.10  97.226822  25.094419 20.836 -100.00 -100.00 -100.00
  57   120.124 55216.80459158 32.98  97.223880  25.098615 26.908 -100.00 -100.00 -100.00
  57   120.590 55216.80459217 35.15  97.225012  25.096173 24.191 -100.00 -100.00 -100.00
  57   121.077 55216.80459276 37.93  97.226143  25.093730 19.925 -100.00 -100.00 -100.00
  58   119.985 55226.72024005 35.43  97.223612  25.097995   -100 -100.00 -100.00 -100.00
  58   120.407 55226.72024064 36.13  97.224743  25.095552 28.741 -100.00 -100.00 -100.00
  58   121.124 55226.72024123 38.91  97.225875  25.093110 19.009 -100.00 -100.00 -100.00
  59   119.863 55236.63588585 34.34  97.223084  25.097618 31.671 -100.00 -100.00 -100.00
  59   120.479 55236.63588644 36.36  97.224215  25.095176 23.700 -100.00 -100.00 -100.00
  59   120.202 55236.63588703 38.09  97.225347  25.092733 23.313 -100.00 -100.00 -100.00
  60   120.195 55246.55152794 33.74  97.221933  25.098316 28.571 -100.00 -100.00 -100.00
  60   120.353 55246.55152853 35.49  97.223065  25.095873 26.904 -100.00 -100.00 -100.00
  60   120.986 55246.55152912 38.04  97.224197  25.093431 19.084 -100.00 -100.00 -100.00
  61   120.099 55256.46716800 34.42  97.221020  25.096973 19.805 -100.00 -100.00 -100.00
  61   121.005 55256.46716859 37.97  97.222152  25.094531 18.269 -100.00 -100.00 -100.00
  61   120.631 55256.46716918 38.97  97.223284  25.092089 21.150 -100.00 -100.00 -100.00
  62   120.558 55266.38280704 35.03  97.220733  25.096501 21.240 -100.00 -100.00 -100.00
  62   121.243 55266.38280763 36.88  97.221865  25.094059 18.971 -100.00 -100.00 -100.00
  62   121.031 55266.38280822 39.83  97.222997  25.091616 25.296 -100.00 -100.00 -100.00
  63   120.625 55276.29844576 36.48  97.222534  25.096138 22.017 -100.00 -100.00 -100.00
  63   121.335 55276.29844635 38.12  97.223666  25.093696 19.472 -100.00 -100.00 -100.00
  63   120.947 55276.29844694 41.16  97.224797  25.091254 23.834 -100.00 -100.00 -100.00
  64   121.420 55286.21408306 38.89  97.224833  25.098690   -100 -100.00 -100.00 -100.00
  64   121.707 55286.21408365 40.19  97.225964  25.096247   -100 -100.00 -100.00 -100.00
  64   122.115 55286.21408424 40.99  97.227096  25.093805 27.643 -100.00 -100.00 -100.00
  65   122.980 55296.12971912 39.77  97.229085  25.097875 24.239 -100.00 -100.00 -100.00
  65   122.100 55296.12971971 42.05  97.230216  25.095432   -100 -100.00 -100.00 -100.00
  66   122.186 55306.04535920 39.65  97.228662  25.099314   -100 -100.00 -100.00 -100.00
  66   122.369 55306.04535979 41.07  97.229794  25.096872   -100 -100.00 -100.00 -100.00
  66   122.069 55306.04536038 44.04  97.230926  25.094430   -100 -100.00 -100.00 -100.00
  67   123.383 55315.96100645 39.63  97.226064  25.097792   -100 -100.00 -100.00 -100.00
  67   123.341 55315.96100704 40.65  97.227196  25.095349   -100 -100.00 -100.00 -100.00
  67   123.296 55315.96100763 42.03  97.228328  25.092907 30.070 -100.00 -100.00 -100.00
  68   123.113 55325.87665149 38.52  97.223942  25.098988 24.309 -100.00 -100.00 -100.00
  68   123.157 55325.87665208 40.09  97.225074  25.096546 31.020 -100.00 -100.00 -100.00
  68   123.255 55325.87665267 43.07  97.226206  25.094104   -100 -100.00 -100.00 -100.00
  69   123.564 55335.79229554 37.08  97.224580  25.099367 19.894 -100.00 -100.00 -100.00
  69   123.239 55335.79229613 39.60  97.225712  25.096925   -100 -100.00 -100.00 -100.00
  69   123.214 55335.79229672 41.85  97.226844  25.094483 27.411 -100.00 -100.00 -100.00
  70   124.049 55345.70793916 40.61  97.226006  25.099547 29.907 -100.00 -100.00 -100.00
  70   123.943 55345.70793975 43.65  97.227138  25.097104   -100 -100.00 -100.00 -100.00
  70   123.978 55345.70794034 45.34  97.228270  25.094662   -100 -100.00 -100.00 -100.00
  71   125.264 55355.62358210 45.40  97.227718  25.097482   -100 -100.00 -100.00 -100.00
  71   124.945 55355.62358269 47.07  97.228849  25.095040   -100 -100.00 -100.00 -100.00
  72   128.800 55365.53922195 44.09  97.226694  25.099756 30.183 -100.00 -100.00 -100.00
  72   128.653 55365.53922254 45.38  97.227826  25.097313 32.323 -100.00 -100.00 -100.00
  72   128.546 55365.53922313 49.25  97.228958  25.094871   -100 -100.00 -100.00 -100.00
  73   130.487 55375.45486116 45.47  97.227469  25.098821   -100 -100.00 -100.00 -100.00
  73   130.436 55375.45486175 48.52  97.228601  25.096378   -100 -100.00 -100.00 -100.00
  73   130.304 55375.45486234 49.96  97.229732  25.093936   -100 -100.00 -100.00 -100.00
  74   127.789 55385.37049930 40.82  97.228949  25.099442   -100 -100.00 -100.00 -100.00
  74   127.893 55385.37049989 39.74  97.230081  25.097000   -100 -100.00 -100.00 -100.00
  74   127.702 55385.37050048 38.69  97.231213  25.094557   -100 -100.00 -100.00 -100.00
  75   127.458 55395.28613703 44.19  97.231712  25.099008 24.276 -100.00 -100.00 -100.00
  75   126.876 55395.28613762 46.14  97.232844  25.096565   -100 -100.00 -100.00 -100.00
  76   128.608 55405.20177682 43.05  97.233496  25.100580 29.762 -100.00 -100.00 -100.00
  76   128.410 55405.20177741 44.25  97.234628  25.098138   -100 -100.00 -100.00 -100.00
  76   128.152 55405.20177800 49.55  97.235760  25.095695 15.889 -100.00 -100.00 -100.00
  77   126.036 55415.11742865 45.34  97.231316  25.098707 27.064 -100.00 -100.00 -100.00
  77   125.478 55415.11742924 47.76  97.232447  25.096264  0.164 -100.00 -100.00 -100.00
  78   125.952 55425.03307691 42.32  97.227469  25.098245   -100 -100.00 -100.00 -100.00
  78   126.042 55425.03307751 42.15  97.228601  25.095803   -100 -100.00 -100.00 -100.00
  78   126.007 55425.03307810 45.17  97.229733  25.093360   -100 -100.00 -100.00 -100.00
  79   126.453 55434.94872224 43.19  97.223895  25.098573 20.463 -100.00 -100.00 -100.00
  79   126.336 55434.94872283 45.27  97.225027  25.096130 28.865 -100.00 -100.00 -100.00
  79   126.147 55434.94872342 50.55  97.226159  25.093688   -100 -100.00 -100.00 -100.00
  80   126.468 55444.86436655 45.17  97.222814  25.096894 28.309 -100.00 -100.00 -100.00
  80   126.305 55444.86436714 47.36  97.223946  25.094451   -100 -100.00 -100.00 -100.00
  80   126.221 55444.86436773 48.06  97.225078  25.092009   -100 -100.00 -100.00 -100.00
  81   125.233 55454.78000902 41.14  97.222371  25.098629 20.645 -100.00 -100.00 -100.00
  81   124.658 55454.78000961 43.28  97.223503  25.096186   -100 -100.00 -100.00 -100.00
  81   124.708 55454.78001020 48.53  97.224634  25.093744   -100 -100.00 -100.00 -100.00
  82   124.345 55464.69565148 41.81  97.225067  25.097660   -100 -100.00 -100.00 -100.00
  82   124.490 55464.69565207 44.41  97.226199  25.095217 28.021 -100.00 -100.00 -100.00
  82   124.100 55464.69565266 46.27  97.227330  25.092775   -100 -100.00 -100.00 -100.00
  83   123.543 55474.61129100 41.17  97.227647  25.097745 30.906 -100.00 -100.00 -100.00
  83   123.513 55474.61129159 42.30  97.228778  25.095302 28.100 -100.00 -100.00 -100.00
  84   124.093 55484.52692720 41.91  97.228507  25.098946 31.577 -100.00 -100.00 -100.00
  84   124.079 55484.52692779 43.16  97.229639  25.096504 29.315 -100.00 -100.00 -100.00
  84   123.866 55484.52692838 44.19  97.230771  25.094061   -100 -100.00 -100.00 -100.00
  85   123.645 55494.44256151 40.61  97.228518  25.099556 29.795 -100.00 -100.00 -100.00
  85   123.478 55494.44256210 42.08  97.229651  25.097113 27.425 -100.00 -100.00 -100.00
  85   123.158 55494.44256269 44.03  97.230783  25.094670   -100 -100.00 -100.00 -100.00
  86   123.125 55504.35819517 39.01  97.229931  25.100238 18.399 -100.00 -100.00 -100.00
  86   122.701 55504.35819576 41.14  97.231063  25.097795 25.217 -100.00 -100.00 -100.00
  86   122.109 55504.35819635 43.86  97.232195  25.095353   -100 -100.00 -100.00 -100.00
  87   122.646 55514.27384510 36.35  97.229846  25.098302 23.578 -100.00 -100.00 -100.00
  87   121.790 55514.27384569 35.55  97.230978  25.095859 28.833 -100.00 -100.00 -100.00
  88   122.705 55524.18949501 38.93  97.229726  25.098778 22.312 -100.00 -100.00 -100.00
  88   122.276 55524.18949560 39.76  97.230858  25.096336 30.966 -100.00 -100.00 -100.00
  89   122.038 55534.10514297 34.20  97.228358  25.099685 19.026 -100.00 -100.00 -100.00
  89   122.050 55534.10514356 37.58  97.229489  25.097243 31.434 -100.00 -100.00 -100.00
  89   121.429 55534.10514415 37.89  97.230621  25.094800 27.786 -100.00 -100.00 -100.00
  90   122.016 55544.02078917 33.36  97.226260  25.099400 13.985 -100.00 -100.00 -100.00
  90   121.791 55544.02078976 38.02  97.227391  25.096958 25.031 -100.00 -100.00 -100.00
  90   121.599 55544.02079035 40.09  97.228523  25.094515 30.274 -100.00 -100.00 -100.00
  91   121.306 55553.93643377 36.92  97.225056  25.097262 24.608 -100.00 -100.00 -100.00
  91   121.079 55553.93643436 38.23  97.226188  25.094820 25.445 -100.00 -100.00 -100.00
  91   121.427 55553.93643495 41.15  97.227320  25.092377 27.202 -100.00 -100.00 -100.00
  92   120.545 55563.85207626 32.70  97.223523  25.099120 20.326 -100.00 -100.00 -100.00
  92   120.956 55563.85207685 36.13  97.224655  25.096678 24.060 -100.00 -100.00 -100.00
  92   120.999 55563.85207744 38.15  97.225786  25.094235 23.426 -100.00 -100.00 -100.00
  93   120.611 55573.76771890 35.67  97.225881  25.098098 25.814 -100.00 -100.00 -100.00
  93   120.632 55573.76771949 38.09  97.227013  25.095656 30.488 -100.00 -100.00 -100.00
  93   121.286 55573.76772008 40.21  97.228144  25.093213 24.787 -100.00 -100.00 -100.00
  94   122.273 55583.68335957 36.57  97.227699  25.099028 32.349 -100.00 -100.00 -100.00
  94   122.015 55583.68336016 38.06  97.228831  25.096586 21.534 -100.00 -100.00 -100.00
  94   121.112 55583.68336075 40.27  97.229962  25.094143 25.272 -100.00 -100.00 -100.00
  95   122.375 55593.59899691 35.97  97.229048  25.099358 20.978 -100.00 -100.00 -100.00
  95   122.377 55593.59899750 38.11  97.230180  25.096916 18.835 -100.00 -100.00 -100.00
  95   120.802 55593.59899810 42.00  97.231312  25.094474   -100 -100.00 -100.00 -100.00
  96   122.686 55603.51463072 36.70  97.229385  25.100265 16.757 -100.00 -100.00 -100.00
  96   122.263 55603.51463131 37.81  97.230517  25.097822 19.615 -100.00 -100.00 -100.00
  96   121.778 55603.51463190 38.63  97.231648  25.095380 24.974 -100.00 -100.00 -100.00
  97   122.910 55613.43026310 37.96  97.230754  25.099498 15.561 -100.00 -100.00 -100.00
  97   122.025 55613.43026369 40.70  97.231886  25.097056   -100 -100.00 -100.00 -100.00
  97   121.517 55613.43026428 41.99  97.233018  25.094613   -100 -100.00 -100.00 -100.00
  98   122.227 55623.34590023 37.14  97.231886  25.099473 17.996 -100.00 -100.00 -100.00
  98   121.836 55623.34590082 34.63  97.233018  25.097031 24.131 -100.00 -100.00 -100.00
  99   122.372 55633.26155307 37.02  97.229196  25.100112 28.510 -100.00 -100.00 -100.00
  99   122.244 55633.26155366 36.94  97.230327  25.097669 23.095 -100.00 -100.00 -100.00
  99   121.884 55633.26155425 32.84  97.231459  25.095227 19.998 -100.00 -100.00 -100.00
 100   124.246 55643.17720434 42.40  97.228915  25.098627   -100 -100.00 -100.00 -100.00
 100   124.647 55643.17720493 44.30  97.230047  25.096185 30.517 -100.00 -100.00 -100.00
 101   122.134 55653.09285233 31.33  97.227964  25.098899 18.782 -100.00 -100.00 -100.00
 101   122.070 55653.09285292 36.38  97.229096  25.096457   -100 -100.00 -100.00 -100.00
 101   121.982 55653.09285351 28.04  97.230228  25.094015 10.499 -100.00 -100.00 -100.00
 102   121.876 55663.00849580 33.54  97.226153  25.099428 21.493 -100.00 -100.00 -100.00
 102   122.219 55663.00849640 34.12  97.227285  25.096986 18.015 -100.00 -100.00 -100.00
 102   121.735 55663.00849699 38.55  97.228416  25.094544   -100 -100.00 -100.00 -100.00
 103   121.563 55672.92413638 38.23  97.224940  25.098575 31.540 -100.00 -100.00 -100.00
 103   122.018 55672.92413697 39.00  97.226072  25.096133 26.747 -100.00 -100.00 -100.00
 103   122.212 55672.92413756 41.28  97.227204  25.093691 25.662 -100.00 -100.00 -100.00
 104   121.036 55682.83977514 36.71  97.225126  25.098462   -100 -100.00 -100.00 -100.00
 104   121.659 55682.83977573 37.95  97.226258  25.096020 29.234 -100.00 -100.00 -100.00
 104   121.715 55682.83977632 41.15  97.227390  25.093578 31.962 -100.00 -100.00 -100.00
 105   122.173 55692.75541247 37.82  97.228380  25.098703 28.949 -100.00 -100.00 -100.00
 105   122.043 55692.75541306 39.34  97.229511  25.096261 29.963 -100.00 -100.00 -100.00
 105   122.073 55692.75541365 40.88  97.230643  25.093819   -100 -100.00 -100.00 -100.00
 106   122.096 55702.67104840 41.26  97.233282  25.098404   -100 -100.00 -100.00 -100.00
 106   122.187 55702.67104899 44.11  97.234414  25.095962   -100 -100.00 -100.00 -100.00
 107   123.774 55712.58669143 40.45  97.234389  25.098881 31.910 -100.00 -100.00 -100.00
 107   123.748 55712.58669202 40.75  97.235520  25.096438   -100 -100.00 -100.00 -100.00
 108   124.410 55722.50234004 37.00  97.230860  25.099600 32.553 -100.00 -100.00 -100.00
 108   124.319 55722.50234063 39.18  97.231992  25.097158   -100 -100.00 -100.00 -100.00
 108   124.295 55722.50234122 35.32  97.233124  25.094716 24.821 -100.00 -100.00 -100.00
 109   124.888 55732.41798718 39.95  97.228021  25.098686 28.075 -100.00 -100.00 -100.00
 109   124.931 55732.41798777 42.33  97.229153  25.096244 29.729 -100.00 -100.00 -100.00
 109   124.433 55732.41798836 45.70  97.230285  25.093801   -100 -100.00 -100.00 -100.00
 110   124.394 55742.33363320 41.97  97.226457  25.098641   -100 -100.00 -100.00 -100.00
 110   124.736 55742.33363379 43.92  97.227589  25.096199   -100 -100.00 -100.00 -100.00
 110   124.557 55742.33363438 45.64  97.228720  25.093756   -100 -100.00 -100.00 -100.00
 111   126.111 55752.24927798 40.85  97.226036  25.099613 30.030 -100.00 -100.00 -100.00
 111   125.892 55752.24927857 44.10  97.227167  25.097170   -100 -100.00 -100.00 -100.00
 111   125.889 55752.24927916 44.01  97.228299  25.094727   -100 -100.00 -100.00 -100.00
 112   128.007 55762.16492126 43.03  97.228125  25.098040   -100 -100.00 -100.00 -100.00
 112   128.275 55762.16492185 45.38  97.229257  25.095598   -100 -100.00 -100.00 -100.00
 113   125.862 55772.08056130 44.22  97.229034  25.098046   -100 -100.00 -100.00 -100.00
 113   125.893 55772.08056189 46.77  97.230166  25.095604   -100 -100.00 -100.00 -100.00
 114   126.003 55781.99619774 44.22  97.228956  25.097900 29.213 -100.00 -100.00 -100.00
 114   125.927 55781.99619833 47.38  97.230088  25.095458   -100 -100.00 -100.00 -100.00
 115   126.378 55791.91183100 44.37  97.229145  25.099500   -100 -100.00 -100.00 -100.00
 115   126.465 55791.91183159 46.60  97.230277  25.097058   -100 -100.00 -100.00 -100.00
 115   126.242 55791.91183218 48.32  97.231408  25.094615   -100 -100.00 -100.00 -100.00
 116   124.105 55801.82746415 45.28  97.232269  25.099212   -100 -100.00 -100.00 -100.00
 116   123.885 55801.82746474 42.63  97.233401  25.096769   -100 -100.00 -100.00 -100.00
 117   124.327 55811.74311396 45.73  97.231602  25.098313   -100 -100.00 -100.00 -100.00
 117   123.947 55811.74311455 44.58  97.232734  25.095870   -100 -100.00 -100.00 -100.00
 118   124.648 55821.65876179 42.48  97.231123  25.099339 24.442 -100.00 -100.00 -100.00
 118   124.213 55821.65876238 47.80  97.232255  25.096896   -100 -100.00 -100.00 -100.00
 119   125.805 55831.57440492 42.28  97.231244  25.100214 27.928 -100.00 -100.00 -100.00
 119   125.673 55831.57440552 45.62  97.232376  25.097771   -100 -100.00 -100.00 -100.00
 119   125.562 55831.57440611 48.54  97.233508  25.095328   -100 -100.00 -100.00 -100.00
 120   123.683 55841.49004377 42.36  97.231384  25.100172 22.557 -100.00 -100.00 -100.00
 120   123.230 55841.49004436 44.46  97.232516  25.097729   -100 -100.00 -100.00 -100.00
 120   122.910 55841.49004495 41.86  97.233648  25.095286   -100 -100.00 -100.00 -100.00
 121   122.941 55851.40568016 39.87  97.232139  25.098522 27.548 -100.00 -100.00 -100.00
 121   122.588 55851.40568075 39.55  97.233271  25.096079 29.110 -100.00 -100.00 -100.00
 122   123.318 55861.32131407 38.28  97.232902  25.100517 25.894 -100.00 -100.00 -100.00
 122   122.781 55861.32131466 41.54  97.234034  25.098074   -100 -100.00 -100.00 -100.00
 122   122.728 55861.32131525 34.71  97.235166  25.095631 24.418 -100.00 -100.00 -100.00
 123   122.879 55871.23696781 39.16  97.231185  25.098697 25.670 -100.00 -100.00 -100.00
 123   122.524 55871.23696841 42.30  97.232317  25.096254   -100 -100.00 -100.00 -100.00
 124   123.203 55881.15261817 38.13  97.230610  25.099939 17.076 -100.00 -100.00 -100.00
 124   122.876 55881.15261876 40.21  97.231742  25.097496 24.279 -100.00 -100.00 -100.00
 124   121.928 55881.15261935 40.81  97.232874  25.095054   -100 -100.00 -100.00 -100.00
 125   122.799 55891.06826248 39.42  97.231640  25.098923 22.959 -100.00 -100.00 -100.00
 125   122.265 55891.06826308 42.46  97.232771  25.096481   -100 -100.00 -100.00 -100.00
 126   122.474 55900.98390073 36.84  97.232576  25.098818 23.068 -100.00 -100.00 -100.00
 126   121.953 55900.98390132 39.24  97.233707  25.096375   -100 -100.00 -100.00 -100.00
 127   122.359 55910.89953424 38.30  97.234477  25.098494 31.953 -100.00 -100.00 -100.00
 127   120.390 55910.89953483 40.03  97.235608  25.096052   -100 -100.00 -100.00 -100.00
 128   122.827 55920.81518803 37.89  97.229984  25.097888 20.030 -100.00 -100.00 -100.00
 128   120.392 55920.81518862 41.40  97.231116  25.095445   -100 -100.00 -100.00 -100.00
 129   122.484 55930.73083937 35.65  97.226902  25.099662 26.497 -100.00 -100.00 -100.00
 129   120.709 55930.73083996 37.42  97.228033  25.097220 27.109 -100.00 -100.00 -100.00
 129   120.737 55930.73084055 39.47  97.229165  25.094777   -100 -100.00 -100.00 -100.00
 130   120.388 55940.64648745 33.98  97.226474  25.099143 20.388 -100.00 -100.00 -100.00
 130   120.667 55940.64648804 36.70  97.227606  25.096701 30.706 -100.00 -100.00 -100.00
 130   120.678 55940.64648863 39.51  97.228738  25.094258   -100 -100.00 -100.00 -100.00
 131   120.508 55950.56213117 36.08  97.226345  25.097610 32.323 -100.00 -100.00 -100.00
 131   120.700 55950.56213176 38.29  97.227477  25.095167 30.763 -100.00 -100.00 -100.00
 132   119.986 55960.47777024 31.39  97.224820  25.099194 16.015 -100.00 -100.00 -100.00
 132   120.121 55960.47777083 35.36  97.225952  25.096752 26.171 -100.00 -100.00 -100.00
 132   120.151 55960.47777142 38.06  97.227084  25.094310   -100 -100.00 -100.00 -100.00
 133   120.245 55970.39340794 33.28  97.225386  25.098415 24.896 -100.00 -100.00 -100.00
 133   120.527 55970.39340853 36.18  97.226518  25.095973   -100 -100.00 -100.00 -100.00
 133   120.798 55970.39340912 36.96  97.227650  25.093530 28.623 -100.00 -100.00 -100.00
 134   122.099 55980.30904443 31.70  97.227185  25.099881 13.182 -100.00 -100.00 -100.00
 134   121.632 55980.30904502 34.89  97.228317  25.097439 22.041 -100.00 -100.00 -100.00
 134   120.373 55980.30904561 36.06  97.229449  25.094997 25.865 -100.00 -100.00 -100.00
 135   122.046 55990.22468075 33.83  97.231554  25.099084 26.627 -100.00 -100.00 -100.00
 135   121.894 55990.22468134 33.34  97.232686  25.096641 24.194 -100.00 -100.00 -100.00
 136   122.227 56000.14032529 36.71  97.231942  25.099543 25.596 -100.00 -100.00 -100.00
 136   121.936 56000.14032588 31.98  97.233073  25.097100 18.984 -100.00 -100.00 -100.00
 137   121.749 56010.05597606 31.84  97.228777  25.099886 17.838 -100.00 -100.00 -100.00
 137   120.910 56010.05597665 34.13  97.229909  25.097444 28.156 -100.00 -100.00 -100.00
 137   121.104 56010.05597724 37.52  97.231040  25.095002   -100 -100.00 -100.00 -100.00
 138   120.393 56019.97162322 37.08  97.226950  25.098034   -100 -100.00 -100.00 -100.00
 138   120.565 56019.97162381 38.06  97.228082  25.095592   -100 -100.00 -100.00 -100.00
 138   120.921 56019.97162440 39.99  97.229213  25.093150   -100 -100.00 -100.00 -100.00
 139   120.934 56029.88726662 38.17  97.224751  25.098532   -100 -100.00 -100.00 -100.00
 139   121.358 56029.88726721 40.03  97.225883  25.096090   -100 -100.00 -100.00 -100.00
 139   121.638 56029.88726780 41.43  97.227015  25.093648   -100 -100.00 -100.00 -100.00
 140   122.209 56039.80290826 39.16  97.225049  25.098114   -100 -100.00 -100.00 -100.00
 140   122.129 56039.80290885 41.20  97.226180  25.095672   -100 -100.00 -100.00 -100.00
 140   122.498 56039.80290944 42.46  97.227312  25.093229 31.815 -100.00 -100.00 -100.00
 141   122.809 56049.71854790 39.84  97.227554  25.097746 32.117 -100.00 -100.00 -100.00
 141   123.033 56049.71854849 42.12  97.228686  25.095304   -100 -100.00 -100.00 -100.00
 142   123.029 56059.63418458 39.27  97.230821  25.098836 20.973 -100.00 -100.00 -100.00
 142   122.556 56059.63418517 42.60  97.231952  25.096394   -100 -100.00 -100.00 -100.00
 143   122.372 56069.54981974 36.60  97.234708  25.099016 26.922 -100.00 -100.00 -100.00
 143   121.305 56069.54982033 43.72  97.235839  25.096573  1.410 -100.00 -100.00 -100.00
 144   123.186 56079.46546998 40.54  97.230981  25.099887 23.838 -100.00 -100.00 -100.00
 144   122.845 56079.46547057 44.76  97.232113  25.097444   -100 -100.00 -100.00 -100.00
 144   122.784 56079.46547116 45.03  97.233245  25.095002   -100 -100.00 -100.00 -100.00
 145   124.128 56089.38111819 38.50  97.228273  25.098787 23.269 -100.00 -100.00 -100.00
 145   123.806 56089.38111878 40.56  97.229405  25.096344 27.534 -100.00 -100.00 -100.00
 145   123.285 56089.38111937 43.54  97.230537  25.093902   -100 -100.00 -100.00 -100.00
 146   126.175 56099.29676399 41.36  97.227062  25.098678   -100 -100.00 -100.00 -100.00
 146   126.255 56099.29676458 44.35  97.228193  25.096236   -100 -100.00 -100.00 -100.00
 146   125.904 56099.29676517 45.94  97.229325  25.093793   -100 -100.00 -100.00 -100.00
 147   132.220 56109.21239604 22.64  97.227122  25.098781  6.327 -100.00 -100.00 -100.00
 147   129.897 56109.21239663 23.21  97.228253  25.096338  7.116 -100.00 -100.00 -100.00
 147   129.852 56109.21239722 23.88  97.229385  25.093896  7.943 -100.00 -100.00 -100.00
 148   127.234 56119.12803714 36.19  97.228746  25.097629 24.909 -100.00 -100.00 -100.00
 148   127.376 56119.12803773 40.65  97.229878  25.095187   -100 -100.00 -100.00 -100.00
 149   129.345 56129.04367379 43.38  97.229298  25.099961 23.561 -100.00 -100.00 -100.00
 149   129.249 56129.04367438 45.67  97.230429  25.097518 29.918 -100.00 -100.00 -100.00
 149   128.841 56129.04367497 48.21  97.231561  25.095076   -100 -100.00 -100.00 -100.00
 150   127.206 56138.95930753 44.19  97.230901  25.099789   -100 -100.00 -100.00 -100.00
 150   127.355 56138.95930812 46.68  97.232032  25.097347 29.320 -100.00 -100.00 -100.00
 150   126.945 56138.95930871 50.23  97.233164  25.094904   -100 -100.00 -100.00 -100.00
 151   125.554 56148.87495579 36.27  97.228434  25.099170   -100 -100.00 -100.00 -100.00
 151   125.759 56148.87495638 35.44  97.229566  25.096727   -100 -100.00 -100.00 -100.00
 151   125.246 56148.87495697 39.22  97.230698  25.094285   -100 -100.00 -100.00 -100.00
 152   124.674 56158.79060463 39.67  97.227850  25.098187 23.412 -100.00 -100.00 -100.00
 152   124.227 56158.79060522 41.63  97.228982  25.095745 31.917 -100.00 -100.00 -100.00
 153   124.953 56168.70625182 41.38  97.227620  25.099199 23.085 -100.00 -100.00 -100.00
 153   124.768 56168.70625241 44.60  97.228752  25.096756 30.326 -100.00 -100.00 -100.00
 153   124.521 56168.70625300 47.95  97.229884  25.094314   -100 -100.00 -100.00 -100.00
 154   124.490 56178.62189629 41.40  97.228150  25.098585 23.859 -100.00 -100.00 -100.00
 154   124.064 56178.62189688 44.70  97.229282  25.096143   -100 -100.00 -100.00 -100.00
 154   123.841 56178.62189747 43.84  97.230414  25.093700   -100 -100.00 -100.00 -100.00
 155   127.599 56188.53753607 44.32  97.227979  25.099287 32.454 -100.00 -100.00 -100.00
 155   127.856 56188.53753666 47.00  97.229111  25.096845 29.218 -100.00 -100.00 -100.00
 155   127.396 56188.53753725 49.08  97.230243  25.094402   -100 -100.00 -100.00 -100.00
 156   126.430 56198.45317266 39.39  97.228082  25.100004 23.041 -100.00 -100.00 -100.00
 156   126.125 56198.45317325 42.65  97.229214  25.097562 31.226 -100.00 -100.00 -100.00
 156   125.718 56198.45317384 46.92  97.230346  25.095119  1.918 -100.00 -100.00 -100.00
 157   129.266 56208.36880703 45.96  97.230303  25.100119 25.328 -100.00 -100.00 -100.00
 157   129.131 56208.36880762 47.76  97.231435  25.097676 29.624 -100.00 -100.00 -100.00
 157   128.619 56208.36880821 47.93  97.232567  25.095233   -100 -100.00 -100.00 -100.00
 158   124.113 56218.28444046 41.80  97.234789  25.098806   -100 -100.00 -100.00 -100.00
 158   124.493 56218.28444105 44.17  97.235921  25.096364   -100 -100.00 -100.00 -100.00
 159   123.159 56228.20008588 38.46  97.234860  25.099720   -100 -100.00 -100.00 -100.00
 159   124.187 56228.20008647 34.85  97.235992  25.097278 19.394 -100.00 -100.00 -100.00
 160   123.325 56238.11574043 38.17  97.232780  25.098808 32.051 -100.00 -100.00 -100.00
 160   123.304 56238.11574102 35.59  97.233912  25.096365 22.337 -100.00 -100.00 -100.00
 161   123.369 56248.03139058 38.26  97.229498  25.099899 20.860 -100.00 -100.00 -100.00
 161   123.200 56248.03139117 39.03  97.230629  25.097456 26.756 -100.00 -100.00 -100.00
 161   122.640 56248.03139176 38.17  97.231761  25.095013 29.683 -100.00 -100.00 -100.00
 162   122.932 56257.94703657 35.56  97.228903  25.097682 22.210 -100.00 -100.00 -100.00
 162   121.154 56257.94703716 39.62  97.230035  25.095239   -100 -100.00 -100.00 -100.00
 163   122.721 56267.86267831 35.85  97.227954  25.099388 27.966 -100.00 -100.00 -100.00
 163   122.531 56267.86267890 38.26  97.229086  25.096945 26.900 -100.00 -100.00 -100.00
 163   120.895 56267.86267949 40.58  97.230217  25.094503   -100 -100.00 -100.00 -100.00
 164   122.985 56277.77831890 35.68  97.229006  25.098524 24.687 -100.00 -100.00 -100.00
 164   122.002 56277.77831949 38.12  97.230138  25.096082 30.732 -100.00 -100.00 -100.00
 165   122.433 56287.69396703 37.45  97.227667  25.098592 32.180 -100.00 -100.00 -100.00
 165   122.279 56287.69396762 38.41  97.228798  25.096149 27.783 -100.00 -100.00 -100.00
 165   120.677 56287.69396821 40.69  97.229930  25.093707   -100 -100.00 -100.00 -100.00
 166   122.739 56297.60961608 36.98  97.226329  25.097399 20.627 -100.00 -100.00 -100.00
 166   121.960 56297.60961667 38.68  97.227461  25.094957 27.045 -100.00 -100.00 -100.00
 167   122.278 56307.52526092 35.95  97.224442  25.097449 22.390 -100.00 -100.00 -100.00
 167   120.397 56307.52526151 37.76  97.225574  25.095006 25.429 -100.00 -100.00 -100.00
 167   120.761 56307.52526210 41.80  97.226706  25.092564 26.653 -100.00 -100.00 -100.00
 168   120.374 56317.44090346 35.85  97.223657  25.096790 19.876 -100.00 -100.00 -100.00
 168   120.228 56317.44090406 38.67  97.224789  25.094348 30.540 -100.00 -100.00 -100.00
 168   120.314 56317.44090465 41.31  97.225921  25.091905   -100 -100.00 -100.00 -100.00
 169   119.868 56327.35654435 35.04  97.223289  25.098776 19.983 -100.00 -100.00 -100.00
 169   119.988 56327.35654494 36.89  97.224421  25.096333 27.341 -100.00 -100.00 -100.00
 169   120.034 56327.35654553 37.28  97.225553  25.093891 31.435 -100.00 -100.00 -100.00
 170   120.022 56337.27218510 36.16  97.225975  25.098666 24.938 -100.00 -100.00 -100.00
 170   119.823 56337.27218569 37.25  97.227107  25.096224   -100 -100.00 -100.00 -100.00
 170   120.319 56337.27218628 41.04  97.228239  25.093782   -100 -100.00 -100.00 -100.00
 171   122.144 56347.18782449 33.60  97.229858  25.097882 22.758 -100.00 -100.00 -100.00
 171   120.325 56347.18782508 34.51  97.230989  25.095439 28.129 -100.00 -100.00 -100.00
 172   122.760 56357.10346053 36.65  97.231470  25.099923 20.463 -100.00 -100.00 -100.00
 172   122.317 56357.10346112 38.26  97.232602  25.097480 27.819 -100.00 -100.00 -100.00
 172   120.310 56357.10346171 37.66  97.233734  25.095038 27.177 -100.00 -100.00 -100.00
 173   119.893 56367.01910952 34.52  97.228557  25.097896 32.706 -100.00 -100.00 -100.00
 173   119.998 56367.01911011 35.45  97.229689  25.095453   -100 -100.00 -100.00 -100.00
 176   122.466 56396.76604673 34.26  97.224980  25.098167   -100 -100.00 -100.00 -100.00
 176   122.346 56396.76604732 35.99  97.226112  25.095725   -100 -100.00 -100.00 -100.00
 176   122.607 56396.76604791 37.14  97.227243  25.093283   -100 -100.00 -100.00 -100.00
 177   120.453 56406.68168802 36.54  97.227905  25.097652   -100 -100.00 -100.00 -100.00
 177   120.884 56406.68168861 39.72  97.229036  25.095210 30.581 -100.00 -100.00 -100.00
 178   124.831 56416.59732532 42.85  97.230183  25.098601 23.970 -100.00 -100.00 -100.00
 178   124.019 56416.59732591 45.42  97.231315  25.096159   -100 -100.00 -100.00 -100.00
 179   123.055 56426.51295774 39.09  97.232458  25.100500 25.055 -100.00 -100.00 -100.00
 179   122.626 56426.51295833 41.31  97.233590  25.098057   -100 -100.00 -100.00 -100.00
 179   122.192 56426.51295892 42.70  97.234721  25.095615   -100 -100.00 -100.00 -100.00
 180   123.150 56436.42860822 37.60  97.229474  25.099056 23.711 -100.00 -100.00 -100.00
 180   123.716 56436.42860881 36.97  97.230606  25.096614 25.218 -100.00 -100.00 -100.00
 180   122.405 56436.42860940 42.69  97.231737  25.094171   -100 -100.00 -100.00 -100.00
 181   123.486 56446.34425953 37.37  97.225678  25.099335 29.718 -100.00 -100.00 -100.00
 181   123.656 56446.34426012 37.63  97.226810  25.096893 22.346 -100.00 -100.00 -100.00
 181   123.458 56446.34426071 39.82  97.227941  25.094451 28.515 -100.00 -100.00 -100.00
 182   124.433 56456.25990934 37.75  97.225213  25.097658 17.925 -100.00 -100.00 -100.00
 182   123.920 56456.25990993 40.94  97.226345  25.095215 24.593 -100.00 -100.00 -100.00
 182   123.496 56456.25991052 44.79  97.227477  25.092773   -100 -100.00 -100.00 -100.00
 183   124.184 56466.17555557 37.37  97.224203  25.098660 29.001 -100.00 -100.00 -100.00
 183   124.497 56466.17555616 39.37  97.225334  25.096217 30.704 -100.00 -100.00 -100.00
 183   124.429 56466.17555675 40.83  97.226466  25.093775 30.966 -100.00 -100.00 -100.00
 184   126.338 56476.09119822 40.55  97.224214  25.098333 30.138 -100.00 -100.00 -100.00
 184   126.381 56476.09119881 41.90  97.225345  25.095891 31.533 -100.00 -100.00 -100.00
 184   126.445 56476.09119940 44.45  97.226477  25.093448   -100 -100.00 -100.00 -100.00
 185   128.567 56486.00683751 40.83  97.225082  25.097209 25.662 -100.00 -100.00 -100.00
 185   128.468 56486.00683810 40.57  97.226214  25.094766 28.797 -100.00 -100.00 -100.00
 185   128.610 56486.00683869 37.51  97.227346  25.092324 19.783 -100.00 -100.00 -100.00
 186   127.064 56495.92247346 43.00  97.226175  25.097655 27.032 -100.00 -100.00 -100.00
 186   127.492 56495.92247405 46.13  97.227306  25.095212 24.860 -100.00 -100.00 -100.00
 186   126.837 56495.92247464 49.24  97.228438  25.092770   -100 -100.00 -100.00 -100.00
 187   125.934 56505.83810742 42.76  97.228741  25.099748 29.520 -100.00 -100.00 -100.00
 187   125.729 56505.83810801 43.87  97.229873  25.097306 32.514 -100.00 -100.00 -100.00
 187   125.566 56505.83810860 47.27  97.231005  25.094863   -100 -100.00 -100.00 -100.00
 188   125.323 56515.75374056 45.79  97.234817  25.099502   -100 -100.00 -100.00 -100.00
 188   125.240 56515.75374115 47.94  97.235948  25.097060   -100 -100.00 -100.00 -100.00
 189   124.485 56525.66939477 43.92  97.233578  25.098714   -100 -100.00 -100.00 -100.00
 189   124.744 56525.66939536 44.65  97.234710  25.096271   -100 -100.00 -100.00 -100.00
 190   125.513 56535.58504441 43.63  97.230615  25.100129   -100 -100.00 -100.00 -100.00
 190   125.429 56535.58504500 46.30  97.231747  25.097686   -100 -100.00 -100.00 -100.00
 190   125.399 56535.58504559 46.53  97.232878  25.095243   -100 -100.00 -100.00 -100.00
 192   124.263 56555.41633487 38.82  97.225717  25.097631 27.243 -100.00 -100.00 -100.00
 192   124.165 56555.41633546 40.37  97.226849  25.095188 30.280 -100.00 -100.00 -100.00
 192   123.765 56555.41633605 42.74  97.227981  25.092745   -100 -100.00 -100.00 -100.00
 193   123.439 56565.33197743 36.03  97.225542  25.098769 20.239 -100.00 -100.00 -100.00
 193   123.362 56565.33197803 39.72  97.226674  25.096326 26.900 -100.00 -100.00 -100.00
 193   123.071 56565.33197862 40.65  97.227806  25.093883 32.174 -100.00 -100.00 -100.00
 194   123.886 56575.24761917 42.00  97.227964  25.099455 30.663 -100.00 -100.00 -100.00
 194   123.541 56575.24761976 44.13  97.229096  25.097012   -100 -100.00 -100.00 -100.00
 194   123.901 56575.24762035 40.88  97.230228  25.094570 31.407 -100.00 -100.00 -100.00
 195   123.684 56585.16325842 39.86  97.232108  25.098947 29.968 -100.00 -100.00 -100.00
 195   123.494 56585.16325902 36.65  97.233239  25.096505 21.785 -100.00 -100.00 -100.00
 196   122.792 56595.07889509 33.63  97.234339  25.100805 21.117 -100.00 -100.00 -100.00
 196   122.547 56595.07889568 35.00  97.235471  25.098363 25.702 -100.00 -100.00 -100.00
 196   122.602 56595.07889627 37.53  97.236602  25.095920   -100 -100.00 -100.00 -100.00
 197   123.410 56604.99454791 38.39  97.229807  25.100184 19.282 -100.00 -100.00 -100.00
 197   123.073 56604.99454850 40.67  97.230938  25.097741 19.474 -100.00 -100.00 -100.00
 197   121.666 56604.99454909 44.99  97.232070  25.095299   -100 -100.00 -100.00 -100.00
 198   122.904 56614.91019620 37.27  97.227190  25.098237 26.864 -100.00 -100.00 -100.00
 198   122.332 56614.91019679 38.43  97.228322  25.095794 28.897 -100.00 -100.00 -100.00
 198   121.658 56614.91019738 40.74  97.229454  25.093352 26.464 -100.00 -100.00 -100.00
 199   120.488 56624.82584004 34.41  97.226180  25.099467 27.512 -100.00 -100.00 -100.00
 199   122.643 56624.82584063 36.84  97.227312  25.097025 25.221 -100.00 -100.00 -100.00
 199   121.254 56624.82584122 38.79  97.228444  25.094582 27.341 -100.00 -100.00 -100.00
 200   123.144 56634.74148179 37.15  97.228253  25.097855 16.931 -100.00 -100.00 -100.00
 200   122.166 56634.74148238 39.01  97.229385  25.095413 23.778 -100.00 -100.00 -100.00
 201   123.261 56644.65711899 37.99  97.231113  25.098757 15.578 -100.00 -100.00 -100.00
 201   122.422 56644.65711958 43.46  97.232244  25.096314   -100 -100.00 -100.00 -100.00
 202   123.112 56654.57277116 35.84  97.227546  25.099298 23.300 -100.00 -100.00 -100.00
 202   122.663 56654.57277175 37.30  97.228677  25.096855 19.579 -100.00 -100.00 -100.00
 202   120.716 56654.57277234 39.94  97.229809  25.094413   -100 -100.00 -100.00 -100.00
 203   119.924 56664.48841935 34.00  97.224564  25.099112 19.787 -100.00 -100.00 -100.00
 203   120.221 56664.48841994 37.27  97.225696  25.096669 31.318 -100.00 -100.00 -100.00
 203   120.461 56664.48842053 38.97  97.226828  25.094227 25.844 -100.00 -100.00 -100.00
 204   120.098 56674.40406546 35.46  97.223149  25.097972 26.515 -100.00 -100.00 -100.00
 204   120.433 56674.40406605 38.13  97.224281  25.095529 25.802 -100.00 -100.00 -100.00
 204   120.664 56674.40406664 38.93  97.225413  25.093087 22.564 -100.00 -100.00 -100.00
 205   119.790 56684.31971050 32.90  97.223149  25.098310 24.359 -100.00 -100.00 -100.00
 205   120.264 56684.31971109 35.91  97.224281  25.095868 29.401 -100.00 -100.00 -100.00
 205   120.391 56684.31971168 37.14  97.225413  25.093426 27.605 -100.00 -100.00 -100.00
 206   119.764 56694.23535384 33.44  97.225394  25.098558 23.425 -100.00 -100.00 -100.00
 206   120.112 56694.23535443 37.20  97.226525  25.096116 26.760 -100.00 -100.00 -100.00
 206   120.185 56694.23535502 37.99  97.227657  25.093674 30.064 -100.00 -100.00 -100.00
 207   121.626 56704.15099318 33.05  97.229651  25.098004   -100 -100.00 -100.00 -100.00
 207   120.135 56704.15099377 35.43  97.230782  25.095561   -100 -100.00 -100.00 -100.00
 208   122.278 56714.06662674 38.10  97.232629  25.098757   -100 -100.00 -100.00 -100.00
 208   120.192 56714.06662733 41.01  97.233760  25.096315   -100 -100.00 -100.00 -100.00
 210   119.833 56733.89792727 36.18  97.223619  25.096892   -100 -100.00 -100.00 -100.00
 210   120.074 56733.89792786 37.83  97.224751  25.094450 32.653 -100.00 -100.00 -100.00
 210   120.641 56733.89792845 40.62  97.225882  25.092008 26.729 -100.00 -100.00 -100.00
 211   120.260 56743.81357392 35.16  97.222358  25.097512 26.760 -100.00 -100.00 -100.00
 211   120.496 56743.81357451 37.36  97.223490  25.095070 24.653 -100.00 -100.00 -100.00
 211   120.711 56743.81357511 39.98  97.224621  25.092628 22.998 -100.00 -100.00 -100.00
 212   120.334 56753.72921658 37.20  97.225357  25.097727   -100 -100.00 -100.00 -100.00
 212   120.634 56753.72921717 38.97  97.226489  25.095284   -100 -100.00 -100.00 -100.00
 212   121.282 56753.72921776 40.14  97.227620  25.092842 19.866 -100.00 -100.00 -100.00
 213   122.302 56763.64485348 36.12  97.229593  25.099730 29.385 -100.00 -100.00 -100.00
 213   121.251 56763.64485407 37.31  97.230724  25.097288 32.408 -100.00 -100.00 -100.00
 213   120.918 56763.64485466 39.77  97.231855  25.094845 26.927 -100.00 -100.00 -100.00
 214   120.281 56773.56048781 37.10  97.233785  25.098573   -100 -100.00 -100.00 -100.00
 214   120.678 56773.56048840 40.99  97.234917  25.096131   -100 -100.00 -100.00 -100.00
 215   121.061 56783.47614423 35.20  97.227149  25.099085 27.167 -100.00 -100.00 -100.00
 215   121.388 56783.47614482 37.65  97.228280  25.096643   -100 -100.00 -100.00 -100.00
 215   121.894 56783.47614541 38.82  97.229412  25.094200 25.510 -100.00 -100.00 -100.00
 216   123.220 56793.39179757 35.46  97.222031  25.098359 21.904 -100.00 -100.00 -100.00
 216   123.242 56793.39179816 40.10  97.223163  25.095917 30.126 -100.00 -100.00 -100.00
 216   123.272 56793.39179876 40.05  97.224294  25.093475 29.745 -100.00 -100.00 -100.00
 217   121.548 56803.30744851 33.56  97.219536  25.097057 21.393 -100.00 -100.00 -100.00
 217   121.489 56803.30744910 35.02  97.220668  25.094614 20.806 -100.00 -100.00 -100.00
 217   121.064 56803.30744969 37.35  97.221799  25.092172 29.685 -100.00 -100.00 -100.00
 218   122.101 56813.22309185 29.68  97.221009  25.097246 14.033 -100.00 -100.00 -100.00
 218   122.244 56813.22309244 30.42  97.222141  25.094804 14.735 -100.00 -100.00 -100.00
 218   121.537 56813.22309303 34.91  97.223272  25.092361 26.394 -100.00 -100.00 -100.00
 219   124.189 56823.13873196 38.64  97.223646  25.096754 31.608 -100.00 -100.00 -100.00
 219   124.775 56823.13873255 39.70  97.224777  25.094312 20.613 -100.00 -100.00 -100.00
 219   124.501 56823.13873314 42.09  97.225909  25.091870 29.277 -100.00 -100.00 -100.00
 221   126.949 56842.96999981 43.96  97.228750  25.097857 25.008 -100.00 -100.00 -100.00
 221   126.548 56842.97000040 46.22  97.229882  25.095414   -100 -100.00 -100.00 -100.00
 222   126.378 56852.88564048 45.13  97.229122  25.098057 27.763 -100.00 -100.00 -100.00
 222   126.286 56852.88564108 46.00  97.230254  25.095615   -100 -100.00 -100.00 -100.00
 223   125.336 56862.80129363 41.34  97.225806  25.099428 29.363 -100.00 -100.00 -100.00
 223   125.503 56862.80129422 44.04  97.226938  25.096985 28.279 -100.00 -100.00 -100.00
 223   125.550 56862.80129481 45.14  97.228070  25.094543 27.691 -100.00 -100.00 -100.00
 224   125.651 56872.71694701 43.99  97.225463  25.097686 28.912 -100.00 -100.00 -100.00
 224   125.648 56872.71694760 45.03  97.226595  25.095244 32.148 -100.00 -100.00 -100.00
 224   125.346 56872.71694819 47.45  97.227726  25.092801   -100 -100.00 -100.00 -100.00
 225   127.639 56882.63259672 42.82  97.224625  25.098285   -100 -100.00 -100.00 -100.00
 225   128.072 56882.63259731 45.12  97.225756  25.095843 29.428 -100.00 -100.00 -100.00
 225   127.697 56882.63259790 46.46  97.226888  25.093400   -100 -100.00 -100.00 -100.00
 226   126.550 56892.54824308 41.83  97.223874  25.098159 25.740 -100.00 -100.00 -100.00
 226   126.434 56892.54824367 44.09  97.225005  25.095717 29.879 -100.00 -100.00 -100.00
 226   126.551 56892.54824426 46.34  97.226137  25.093274   -100 -100.00 -100.00 -100.00
 227   124.505 56902.46388660 39.37  97.222552  25.096865 26.260 -100.00 -100.00 -100.00
 227   124.415 56902.46388719 40.94  97.223684  25.094422 26.805 -100.00 -100.00 -100.00
 227   124.205 56902.46388778 43.22  97.224816  25.091979   -100 -100.00 -100.00 -100.00
 228   124.487 56912.37952795 39.59  97.220725  25.097705 26.838 -100.00 -100.00 -100.00
 228   124.350 56912.37952854 40.99  97.221857  25.095262 30.775 -100.00 -100.00 -100.00
 228   124.412 56912.37952913 42.60  97.222989  25.092819   -100 -100.00 -100.00 -100.00
 229   124.327 56922.29516872 38.01  97.222830  25.096362 24.680 -100.00 -100.00 -100.00
 229   124.477 56922.29516931 39.98  97.223962  25.093919 26.135 -100.00 -100.00 -100.00
 229   124.128 56922.29516990 41.19  97.225093  25.091477   -100 -100.00 -100.00 -100.00
 230   124.777 56932.21080676 37.85  97.226283  25.098631 19.375 -100.00 -100.00 -100.00
 230   124.392 56932.21080735 41.07  97.227415  25.096189 28.174 -100.00 -100.00 -100.00
 230   123.989 56932.21080794 42.31  97.228546  25.093746   -100 -100.00 -100.00 -100.00
 231   123.612 56942.12643992 37.87  97.231355  25.100306 21.713 -100.00 -100.00 -100.00
 231   124.220 56942.12644051 40.52  97.232486  25.097863   -100 -100.00 -100.00 -100.00
 231   124.228 56942.12644110 34.18  97.233618  25.095420 17.381 -100.00 -100.00 -100.00
 232   122.773 56952.04208340 38.93  97.232462  25.099885 24.450 -100.00 -100.00 -100.00
 232   123.533 56952.04208399 34.44  97.233593  25.097443 18.491 -100.00 -100.00 -100.00
 232   122.231 56952.04208458 39.84  97.234725  25.095000   -100 -100.00 -100.00 -100.00
 233   122.647 56961.95773456 38.29  97.228600  25.098570 28.299 -100.00 -100.00 -100.00
 233   122.170 56961.95773515 38.24  97.229731  25.096127 26.689 -100.00 -100.00 -100.00
 234   120.917 56971.87338024 37.11  97.225136  25.099113 29.295 -100.00 -100.00 -100.00
 234   122.397 56971.87338083 39.14  97.226268  25.096670 18.544 -100.00 -100.00 -100.00
 234   121.514 56971.87338142 41.15  97.227400  25.094228 27.841 -100.00 -100.00 -100.00
 235   122.459 56981.78902248 38.68  97.226107  25.097415 21.918 -100.00 -100.00 -100.00
 235   121.786 56981.78902307 40.11  97.227238  25.094973 25.197 -100.00 -100.00 -100.00
 236   122.357 56991.70465980 37.84  97.229077  25.098119 22.975 -100.00 -100.00 -100.00
 236   120.808 56991.70466039 40.85  97.230209  25.095677   -100 -100.00 -100.00 -100.00
 237   122.740 57001.62029180 36.62  97.233158  25.100594 28.798 -100.00 -100.00 -100.00
 237   122.270 57001.62029239 36.84  97.234290  25.098152 26.931 -100.00 -100.00 -100.00
 237   120.901 57001.62029298 39.02  97.235421  25.095709   -100 -100.00 -100.00 -100.00
 238   122.466 57011.53594921 38.03  97.229752  25.098059 20.742 -100.00 -100.00 -100.00
 238   120.722 57011.53594980 40.54  97.230884  25.095616   -100 -100.00 -100.00 -100.00
 239   120.153 57021.45160020 34.73  97.225715  25.099040 23.911 -100.00 -100.00 -100.00
 239   122.172 57021.45160079 37.98  97.226847  25.096597 16.193 -100.00 -100.00 -100.00
 239   121.401 57021.45160138 38.99  97.227979  25.094155 19.768 -100.00 -100.00 -100.00
 240   120.377 57031.36724954 36.13  97.224768  25.096923 25.249 -100.00 -100.00 -100.00
 240   120.676 57031.36725013 38.25  97.225899  25.094480 24.988 -100.00 -100.00 -100.00
 241   120.142 57041.28289684 36.27  97.224692  25.096864 25.453 -100.00 -100.00 -100.00
 241   120.295 57041.28289743 38.09  97.225824  25.094421 29.331 -100.00 -100.00 -100.00
 242   121.707 57051.19854173 31.83  97.225004  25.098946 17.726 -100.00 -100.00 -100.00
 242   121.740 57051.19854232 35.38  97.226135  25.096504 16.142 -100.00 -100.00 -100.00
 242   120.577 57051.19854291 36.45  97.227267  25.094061 21.471 -100.00 -100.00 -100.00
 243   121.532 57061.11418334 36.25  97.227798  25.097706 26.274 -100.00 -100.00 -100.00
 243   121.063 57061.11418393 38.04  97.228930  25.095264 23.215 -100.00 -100.00 -100.00
 244   122.046 57071.02981889 34.00  97.229872  25.098453 29.049 -100.00 -100.00 -100.00
 244   119.874 57071.02981948 36.10  97.231003  25.096011   -100 -100.00 -100.00 -100.00
 245   122.231 57080.94544999 35.06  97.231896  25.099385 24.024 -100.00 -100.00 -100.00
 245   121.757 57080.94545058 36.78  97.233028  25.096943   -100 -100.00 -100.00 -100.00
 246   122.393 57090.86109203 37.04  97.231683  25.098834 21.701 -100.00 -100.00 -100.00
 246   121.690 57090.86109262 40.28  97.232815  25.096392   -100 -100.00 -100.00 -100.00
 247   119.675 57100.77674913 33.15  97.227679  25.098820   -100 -100.00 -100.00 -100.00
 247   121.127 57100.77674972 35.87  97.228811  25.096378   -100 -100.00 -100.00 -100.00
 247   120.341 57100.77675031 37.03  97.229942  25.093936 31.360 -100.00 -100.00 -100.00
 248   121.040 57110.69240344 37.88  97.226833  25.097710 31.702 -100.00 -100.00 -100.00
 248   120.817 57110.69240404 39.04  97.227965  25.095267 31.911 -100.00 -100.00 -100.00
 249   122.454 57120.60805189 38.54  97.227212  25.097968   -100 -100.00 -100.00 -100.00
 249   122.663 57120.60805249 39.70  97.228344  25.095526   -100 -100.00 -100.00 -100.00
 250   120.194 57130.52369442 37.81  97.226755  25.098835   -100 -100.00 -100.00 -100.00
 250   121.572 57130.52369501 39.08  97.227886  25.096392 25.728 -100.00 -100.00 -100.00
 250   120.745 57130.52369560 41.14  97.229018  25.093950   -100 -100.00 -100.00 -100.00
 251   122.302 57140.43933209 31.79  97.227299  25.098582 13.770 -100.00 -100.00 -100.00
 251   122.069 57140.43933268 35.93  97.228430  25.096140 23.760 -100.00 -100.00 -100.00
 251   122.065 57140.43933327 39.15  97.229562  25.093697 30.858 -100.00 -100.00 -100.00
 252   122.150 57150.35496679 37.55  97.229406  25.097858   -100 -100.00 -100.00 -100.00
 252   120.449 57150.35496739 34.33  97.230538  25.095415   -100 -100.00 -100.00 -100.00
 253   123.365 57160.27059809 39.21  97.232462  25.099995   -100 -100.00 -100.00 -100.00
 253   123.120 57160.27059868 40.06  97.233593  25.097552   -100 -100.00 -100.00 -100.00
 253   122.877 57160.27059927 42.95  97.234725  25.095110 10.451 -100.00 -100.00 -100.00
 254   122.798 57170.18625128 39.00  97.230165  25.100139 23.718 -100.00 -100.00 -100.00
 254   122.418 57170.18625187 41.38  97.231297  25.097696   -100 -100.00 -100.00 -100.00
 254   122.113 57170.18625246 37.99  97.232428  25.095254   -100 -100.00 -100.00 -100.00
 255   123.397 57180.10190712 41.27  97.227859  25.098132 24.953 -100.00 -100.00 -100.00
 255   122.940 57180.10190771 43.38  97.228990  25.095689   -100 -100.00 -100.00 -100.00
 256   125.874 57190.01755837 42.15  97.224746  25.098485 25.703 -100.00 -100.00 -100.00
 256   125.891 57190.01755896 44.28  97.225877  25.096043 32.077 -100.00 -100.00 -100.00
 256   125.701 57190.01755955 47.53  97.227009  25.093601   -100 -100.00 -100.00 -100.00
 257   125.215 57199.93320597 40.23  97.222866  25.098985 21.328 -100.00 -100.00 -100.00
 257   125.267 57199.93320656 42.23  97.223998  25.096543 26.424 -100.00 -100.00 -100.00
 257   125.022 57199.93320715 45.46  97.225130  25.094101   -100 -100.00 -100.00 -100.00
 258   126.594 57209.84884020 42.20  97.223566  25.097604 28.793 -100.00 -100.00 -100.00
 258   126.818 57209.84884079 44.20  97.224698  25.095161 28.720 -100.00 -100.00 -100.00
 258   126.842 57209.84884138 47.38  97.225829  25.092719 32.141 -100.00 -100.00 -100.00
 259   126.029 57219.76448405 43.18  97.225223  25.097315 29.128 -100.00 -100.00 -100.00
 259   126.069 57219.76448464 45.28  97.226355  25.094872 32.310 -100.00 -100.00 -100.00
 259   126.052 57219.76448523 48.65  97.227486  25.092430   -100 -100.00 -100.00 -100.00
 260   125.691 57229.68012617 40.01  97.225948  25.099474 24.006 -100.00 -100.00 -100.00
 260   125.538 57229.68012676 42.29  97.227080  25.097032 27.768 -100.00 -100.00 -100.00
 260   125.375 57229.68012735 45.41  97.228212  25.094589   -100 -100.00 -100.00 -100.00
 261   125.072 57239.59576673 42.14  97.227848  25.098724 19.130 -100.00 -100.00 -100.00
 261   124.361 57239.59576732 44.34  97.228979  25.096282   -100 -100.00 -100.00 -100.00
 261   124.237 57239.59576791 48.23  97.230111  25.093839   -100 -100.00 -100.00 -100.00
 262   124.553 57249.51140427 42.18  97.229684  25.098536 25.911 -100.00 -100.00 -100.00
 262   124.415 57249.51140486 44.37  97.230815  25.096094   -100 -100.00 -100.00 -100.00
 263   126.498 57259.42703936 44.45  97.231361  25.099701   -100 -100.00 -100.00 -100.00
 263   126.407 57259.42703995 45.31  97.232493  25.097259 31.564 -100.00 -100.00 -100.00
 263   126.472 57259.42704054 48.28  97.233625  25.094816   -100 -100.00 -100.00 -100.00
 264   129.747 57269.34267406 47.51  97.234684  25.098511   -100 -100.00 -100.00 -100.00
 264   129.639 57269.34267465 52.10  97.235816  25.096068   -100 -100.00 -100.00 -100.00
 265   125.396 57279.25832506 37.99  97.232486  25.100107 28.422 -100.00 -100.00 -100.00
 265   125.451 57279.25832565 39.87  97.233618  25.097664 32.226 -100.00 -100.00 -100.00
 265   125.339 57279.25832624 40.67  97.234750  25.095221   -100 -100.00 -100.00 -100.00
 266   126.606 57289.17398106 41.25  97.230472  25.099405 28.648 -100.00 -100.00 -100.00
 266   126.525 57289.17398165 42.92  97.231603  25.096962   -100 -100.00 -100.00 -100.00
 266   126.248 57289.17398224 45.32  97.232735  25.094519   -100 -100.00 -100.00 -100.00
 267   124.564 57299.08963391 38.02  97.227676  25.099923 19.812 -100.00 -100.00 -100.00
 267   124.196 57299.08963450 40.27  97.228808  25.097480 25.940 -100.00 -100.00 -100.00
 267   123.844 57299.08963509 42.24  97.229940  25.095037   -100 -100.00 -100.00 -100.00
 268   124.469 57309.00528346 37.38  97.225790  25.099009 23.470 -100.00 -100.00 -100.00
 268   124.051 57309.00528405 40.23  97.226922  25.096567 19.856 -100.00 -100.00 -100.00
 268   123.384 57309.00528464 40.89  97.228054  25.094124   -100 -100.00 -100.00 -100.00
 269   121.941 57318.92092959 37.64  97.224331  25.097002 32.275 -100.00 -100.00 -100.00
 269   122.441 57318.92093018 39.10  97.225462  25.094560 27.744 -100.00 -100.00 -100.00
 269   122.212 57318.92093077 40.29  97.226594  25.092117 27.374 -100.00 -100.00 -100.00
 270   121.317 57328.83657160 36.48  97.222297  25.098844 27.674 -100.00 -100.00 -100.00
 270   121.681 57328.83657219 38.91  97.223429  25.096401   -100 -100.00 -100.00 -100.00
 270   122.217 57328.83657278 40.30  97.224560  25.093959 23.916 -100.00 -100.00 -100.00
 271   121.996 57338.75221219 38.21  97.224182  25.097990 21.996 -100.00 -100.00 -100.00
 271   121.645 57338.75221278 40.42  97.225314  25.095547 27.768 -100.00 -100.00 -100.00
 271   121.677 57338.75221337 43.47  97.226445  25.093104 29.101 -100.00 -100.00 -100.00
 272   121.645 57348.66786072 38.10  97.223810  25.097734 26.560 -100.00 -100.00 -100.00
 272   121.311 57348.66786131 40.08  97.224941  25.095291 28.309 -100.00 -100.00 -100.00
 272   121.530 57348.66786190 42.20  97.226073  25.092849 30.751 -100.00 -100.00 -100.00
 273   120.854 57358.58350654 35.62  97.223899  25.097336 22.933 -100.00 -100.00 -100.00
 273   121.720 57358.58350713 39.27  97.225031  25.094894 23.423 -100.00 -100.00 -100.00
 273   121.330 57358.58350772 41.23  97.226163  25.092451 22.916 -100.00 -100.00 -100.00
 274   121.877 57368.49914882 36.55  97.223332  25.098454 26.380 -100.00 -100.00 -100.00
 274   120.878 57368.49914942 38.13  97.224464  25.096011 27.027 -100.00 -100.00 -100.00
 274   121.429 57368.49915001 40.30  97.225596  25.093569 24.427 -100.00 -100.00 -100.00
 275   121.885 57378.41478923 34.72  97.224747  25.097184 21.623 -100.00 -100.00 -100.00
 275   122.161 57378.41478982 31.14  97.225879  25.094741 13.526 -100.00 -100.00 -100.00
 275   121.923 57378.41479041 29.86  97.227011  25.092299 11.914 -100.00 -100.00 -100.00
 276   122.049 57388.33042796 36.86  97.227180  25.098302 23.512 -100.00 -100.00 -100.00
 276   122.703 57388.33042855 38.21  97.228312  25.095859 14.959 -100.00 -100.00 -100.00
 276   121.708 57388.33042914 40.25  97.229443  25.093417 21.798 -100.00 -100.00 -100.00
 277   122.402 57398.24606642 36.58  97.231489  25.098093 26.707 -100.00 -100.00 -100.00
 277   122.000 57398.24606701 37.94  97.232620  25.095650   -100 -100.00 -100.00 -100.00
 278   121.730 57408.16170306 34.62  97.235018  25.098881 25.890 -100.00 -100.00 -100.00
 278   120.189 57408.16170365 38.70  97.236150  25.096439   -100 -100.00 -100.00 -100.00
 279   122.385 57418.07735634 37.18  97.230917  25.099333 24.585 -100.00 -100.00 -100.00
 279   122.080 57418.07735693 39.23  97.232049  25.096890 27.749 -100.00 -100.00 -100.00
 280   122.016 57427.99300709 35.51  97.227081  25.098991 22.156 -100.00 -100.00 -100.00
 280   122.496 57427.99300768 37.62  97.228213  25.096549 14.127 -100.00 -100.00 -100.00
 280   121.667 57427.99300827 39.35  97.229344  25.094106 17.238 -100.00 -100.00 -100.00
 281   121.468 57437.90865548 37.73  97.225280  25.097295 27.155 -100.00 -100.00 -100.00
 281   121.048 57437.90865607 39.37  97.226412  25.094852 26.230 -100.00 -100.00 -100.00
 281   120.620 57437.90865666 42.41  97.227543  25.092410 29.840 -100.00 -100.00 -100.00
 282   121.759 57447.82430158 35.91  97.224501  25.099263 27.591 -100.00 -100.00 -100.00
 282   122.015 57447.82430217 38.15  97.225632  25.096821 24.934 -100.00 -100.00 -100.00
 282   121.909 57447.82430276 40.11  97.226764  25.094378 29.542 -100.00 -100.00 -100.00
 283   121.689 57457.73994745 36.97  97.226730  25.097437 30.654 -100.00 -100.00 -100.00
 283   122.105 57457.73994804 38.38  97.227861  25.094994 24.825 -100.00 -100.00 -100.00
 284   121.806 57467.65559006 35.19  97.228529  25.097758 29.779 -100.00 -100.00 -100.00
 284   121.863 57467.65559065 38.13  97.229660  25.095315 29.256 -100.00 -100.00 -100.00
 285   122.261 57477.57122848 33.73  97.229865  25.098961 15.957 -100.00 -100.00 -100.00
 285   122.044 57477.57122907 39.02  97.230996  25.096519   -100 -100.00 -100.00 -100.00
 286   124.427 57487.48686376 34.73  97.230463  25.099869 32.520 -100.00 -100.00 -100.00
 286   124.531 57487.48686435 34.54  97.231595  25.097427 23.337 -100.00 -100.00 -100.00
 286   124.184 57487.48686494 37.53  97.232726  25.094984   -100 -100.00 -100.00 -100.00
 287   123.516 57497.40249756 41.44  97.232676  25.099080   -100 -100.00 -100.00 -100.00
 287   123.491 57497.40249815 41.79  97.233808  25.096638   -100 -100.00 -100.00 -100.00
 288   124.651 57507.31813647 39.82  97.234505  25.098627   -100 -100.00 -100.00 -100.00
 288   124.862 57507.31813706 36.09  97.235637  25.096184 19.230 -100.00 -100.00 -100.00
 289   123.900 57517.23379246 38.11  97.230534  25.099317 22.371 -100.00 -100.00 -100.00
 289   124.204 57517.23379305 40.69  97.231666  25.096875 30.234 -100.00 -100.00 -100.00
 290   125.427 57527.14944621 41.15  97.228705  25.098396   -100 -100.00 -100.00 -100.00
 290   125.401 57527.14944680 42.06  97.229837  25.095953   -100 -100.00 -100.00 -100.00
 291   125.102 57537.06509691 39.73  97.226166  25.098900 30.470 -100.00 -100.00 -100.00
 291   124.980 57537.06509751 37.29  97.227298  25.096458 19.468 -100.00 -100.00 -100.00
 291   124.826 57537.06509810 43.13  97.228429  25.094015   -100 -100.00 -100.00 -100.00
 292   123.037 57546.98074545 40.28  97.224690  25.096839 26.446 -100.00 -100.00 -100.00
 292   123.457 57546.98074604 41.30  97.225822  25.094397 20.361 -100.00 -100.00 -100.00
 293   125.075 57556.89639150 39.21  97.222951  25.097788 26.178 -100.00 -100.00 -100.00
 293   125.236 57556.89639209 41.18  97.224083  25.095345 27.696 -100.00 -100.00 -100.00
 293   125.239 57556.89639268 43.40  97.225214  25.092903   -100 -100.00 -100.00 -100.00
 294   127.594 57566.81203621 40.06  97.223353  25.099141 20.597 -100.00 -100.00 -100.00
 294   127.809 57566.81203680 42.34  97.224485  25.096699 19.888 -100.00 -100.00 -100.00
 294   127.266 57566.81203739 47.79  97.225617  25.094256   -100 -100.00 -100.00 -100.00
 295   130.561 57576.72768084 42.29  97.226114  25.097771 17.666 -100.00 -100.00 -100.00
 295   130.222 57576.72768143 46.85  97.227246  25.095328 28.623 -100.00 -100.00 -100.00
 295   129.768 57576.72768202 52.54  97.228377  25.092886   -100 -100.00 -100.00 -100.00
 296   128.783 57586.64332382 43.98  97.227582  25.098213   -100 -100.00 -100.00 -100.00
 296   128.926 57586.64332441 46.65  97.228714  25.095771 30.286 -100.00 -100.00 -100.00
 297   131.884 57596.55896418 45.43  97.227227  25.099551   -100 -100.00 -100.00 -100.00
 297   131.963 57596.55896477 46.79  97.228358  25.097108   -100 -100.00 -100.00 -100.00
 297   131.941 57596.55896536 45.20  97.229490  25.094665   -100 -100.00 -100.00 -100.00
