#  120.884  -6.388  37.923 ;Mean Elev.(m), Avg Gradient(m/km), RMS Gradient(m/km) - SRTM1     
#  130.130  -6.636  38.651 ;Mean Elev.(m), Avg Gradient(m/km), RMS Gradient(m/km) - ASTER GDEM
#  124.676  -6.482  38.430 ;Mean Elev.(m), Avg Gradient(m/km), RMS Gradient(m/km) - GMTED2010 
   2  97.230401  25.096659   129.046   129.046  2 54671.44420072 44.309
   4  97.230972  25.097811   125.023   125.030  3 54691.27548691 44.194
   6  97.234235  25.098129   129.861   129.837  3 54711.10677468 47.136
   8  97.226374  25.095964   123.482   123.329  3 54730.93807445 42.852
   9  97.223803  25.094022   123.690   123.572  3 54740.85372142 44.640
  10  97.222474  25.095113   124.603   124.540  3 54750.76936768 45.588
  11  97.222720  25.095796   122.460   122.389  3 54760.68501392 41.632
  12  97.224280  25.094921   123.628   123.687  3 54770.60065818 47.776
  13  97.225024  25.095837   122.242   122.209  3 54780.51629884 40.635
  14  97.225740  25.096449   121.928   121.763  3 54790.43193719 37.972
  15  97.226995  25.096851   121.909   121.784  3 54800.34757484 34.400
  16  97.229273  25.097134   121.856   121.852  3 54810.26321290 36.957
  17  97.232146  25.097333   121.689   122.004  3 54820.17885279 40.669
  18  97.230531  25.097435   121.783   121.783  2 54830.09450538 37.611
  19  97.228058  25.096404   121.503   121.459  3 54840.01014457 37.400
  20  97.224827  25.095580   120.641   120.744  3 54849.92579372 37.821
  21  97.223509  25.093940   121.188   121.148  3 54859.84144254 41.179
  22  97.222213  25.095654   120.725   120.581  3 54869.75709064 38.322
  23  97.222618  25.095780   120.384   120.521  3 54879.67273799 37.839
  24  97.223872  25.094416   120.519   120.713  3 54889.58838253 38.587
  25  97.222761  25.094215   120.306   120.251  3 54899.50402351 33.781
  26  97.221282  25.094145   120.770   121.014  3 54909.41966238 38.553
  27  97.221284  25.094883   120.948   120.948  3 54919.33530018 37.619
  28  97.223259  25.096355   121.447   121.474  3 54929.25093787 36.395
  29  97.226750  25.096848   121.684   121.734  3 54939.16657507 34.772
  30  97.229801  25.097590   121.915   122.054  3 54949.08221051 39.008
  31  97.231230  25.097730   121.450   121.663  3 54958.99784835 38.547
  32  97.229393  25.096865   121.714   121.714  2 54968.91349696 37.873
  33  97.228532  25.096246   121.408   121.408  2 54978.82914421 37.997
  35  97.227331  25.096625   123.311   123.316  3 54998.66043800 42.463
  36  97.227489  25.095518   124.867   124.742  3 55008.57608345 47.766
  37  97.227250  25.095820   129.510   129.398  3 55018.49172679 46.208
  38  97.227158  25.095787   124.716   124.793  3 55028.40736902 41.937
  39  97.226852  25.097139   126.342   126.372  3 55038.32301060 37.707
  40  97.229178  25.096423   125.823   125.830  3 55048.23865183 39.817
  41  97.231058  25.097918   126.031   126.049  3 55058.15429065 45.671
  42  97.232424  25.097142   127.621   127.621  2 55068.06992940 47.404
  43  97.228267  25.097332   123.815   123.793  3 55077.98557925 42.211
  44  97.224627  25.096442   123.327   123.285  3 55087.90122678 41.394
  45  97.223465  25.094428   125.737   125.789  3 55097.81687301 50.289
  46  97.223100  25.095828   122.927   122.820  3 55107.73251802 43.692
  47  97.224755  25.094607   123.704   123.670  3 55117.64816292 44.123
  48  97.225015  25.095080   122.745   122.770  3 55127.56380506 40.514
  49  97.224714  25.095436   122.387   122.255  3 55137.47944506 39.864
  50  97.225295  25.095627   121.341   121.341  2 55147.39508364 38.751
  51  97.227637  25.095730   122.457   122.415  3 55157.31072204 40.212
  52  97.229658  25.097584   122.354   122.595  3 55167.22636014 37.314
  53  97.232042  25.098057   122.246   122.411  3 55177.14199815 38.267
  54  97.232054  25.097435   121.764   122.176  3 55187.05764215 40.728
  55  97.228458  25.097328   121.822   122.177  3 55196.97329314 35.590
  56  97.225690  25.096861   120.654   120.648  3 55206.88894292 35.699
  57  97.225012  25.096173   120.597   120.590  3 55216.80459217 35.824
  58  97.224743  25.095552   120.505   120.407  3 55226.72024064 37.097
  59  97.224215  25.095176   120.181   120.202  3 55236.63588644 36.527
  60  97.223065  25.095873   120.511   120.353  3 55246.55152853 36.119
  61  97.222152  25.094531   120.578   120.631  3 55256.46716859 37.513
  62  97.221865  25.094059   120.944   121.031  3 55266.38280763 37.703
  63  97.223666  25.093696   120.969   120.947  3 55276.29844635 39.030
  64  97.225964  25.096247   121.747   121.707  3 55286.21408365 40.108
  65  97.229650  25.096653   122.540   122.540  2 55296.12971941 41.058
  66  97.229794  25.096872   122.208   122.186  3 55306.04535979 41.984
  67  97.227196  25.095349   123.340   123.341  3 55315.96100704 40.882
  68  97.225074  25.096546   123.175   123.157  3 55325.87665208 40.980
  69  97.225712  25.096925   123.339   123.239  3 55335.79229613 39.932
  70  97.227138  25.097104   123.990   123.978  3 55345.70793975 43.610
  71  97.228284  25.096261   125.104   125.104  2 55355.62358240 46.315
  72  97.227826  25.097313   128.666   128.653  3 55365.53922254 46.821
  73  97.228601  25.096378   130.409   130.436  3 55375.45486175 48.356
  74  97.230081  25.097000   127.795   127.789  3 55385.37049989 39.837
  75  97.232278  25.097786   127.167   127.167  2 55395.28613733 45.274
  76  97.234628  25.098138   128.390   128.410  3 55405.20177741 46.594
  77  97.231881  25.097485   125.757   125.757  2 55415.11742895 46.716
  78  97.228601  25.095803   126.000   126.007  3 55425.03307751 43.447
  79  97.225027  25.096130   126.312   126.336  3 55434.94872283 47.482
  80  97.223946  25.094451   126.331   126.305  3 55444.86436714 47.027
  81  97.223503  25.096186   124.866   124.708  3 55454.78000961 45.464
  82  97.226199  25.095217   124.312   124.345  3 55464.69565207 44.530
  83  97.228212  25.096523   123.528   123.528  2 55474.61129129 41.772
  84  97.229639  25.096504   124.012   124.079  3 55484.52692779 43.185
  85  97.229651  25.097113   123.427   123.478  3 55494.44256210 42.467
  86  97.231063  25.097795   122.645   122.701  3 55504.35819576 41.788
  87  97.230412  25.097080   122.218   122.218  2 55514.27384540 35.968
  88  97.230292  25.097557   122.490   122.490  2 55524.18949531 39.365
  89  97.229489  25.097243   121.839   122.038  3 55534.10514356 36.845
  90  97.227391  25.096958   121.802   121.791  3 55544.02078976 37.951
  91  97.226188  25.094820   121.271   121.306  3 55553.93643436 39.139
  92  97.224655  25.096678   120.833   120.956  3 55563.85207685 36.196
  93  97.227013  25.095656   120.843   120.632  3 55573.76771949 38.373
  94  97.228831  25.096586   121.800   122.015  3 55583.68336016 38.569
  95  97.230180  25.096916   121.851   122.375  3 55593.59899750 39.424
  96  97.230517  25.097822   122.242   122.263  3 55603.51463131 37.784
  97  97.231886  25.097056   122.151   122.025  3 55613.43026369 40.520
  98  97.232452  25.098252   122.031   122.031  2 55623.34590053 36.064
  99  97.230327  25.097669   122.167   122.244  3 55633.26155366 35.985
 100  97.229481  25.097406   124.446   124.446  2 55643.17720464 43.453
 101  97.229096  25.096457   122.062   122.070  3 55653.09285292 33.250
 102  97.227285  25.096986   121.943   121.876  3 55663.00849640 36.022
 103  97.226072  25.096133   121.931   122.018  3 55672.92413697 39.704
 104  97.226258  25.096020   121.470   121.659  3 55682.83977573 39.023
 105  97.229511  25.096261   122.096   122.073  3 55692.75541306 39.525
 106  97.233848  25.097183   122.141   122.141  2 55702.67104870 42.915
 107  97.234954  25.097659   123.761   123.761  2 55712.58669173 40.603
 108  97.231992  25.097158   124.341   124.319  3 55722.50234063 37.455
 109  97.229153  25.096244   124.751   124.888  3 55732.41798777 43.300
 110  97.227589  25.096199   124.562   124.557  3 55742.33363379 44.096
 111  97.227167  25.097170   125.964   125.892  3 55752.24927857 43.225
 112  97.228691  25.096819   128.141   128.141  2 55762.16492156 44.362
 113  97.229600  25.096825   125.877   125.877  2 55772.08056159 45.680
 114  97.229522  25.096679   125.965   125.965  2 55781.99619803 46.081
 115  97.230277  25.097058   126.362   126.378  3 55791.91183159 46.720
 116  97.232835  25.097990   123.995   123.995  2 55801.82746445 44.154
 117  97.232168  25.097091   124.137   124.137  2 55811.74311426 45.193
 118  97.231689  25.098118   124.431   124.431  2 55821.65876209 45.908
 119  97.232376  25.097771   125.680   125.673  3 55831.57440552 46.192
 120  97.232516  25.097729   123.275   123.230  3 55841.49004436 43.046
 121  97.232705  25.097300   122.764   122.764  2 55851.40568046 39.713
 122  97.234034  25.098074   122.942   122.781  3 55861.32131466 39.021
 123  97.231751  25.097475   122.701   122.701  2 55871.23696811 41.008
 124  97.231742  25.097496   122.669   122.876  3 55881.15261876 39.860
 125  97.232205  25.097702   122.532   122.532  2 55891.06826278 41.201
 126  97.233141  25.097596   122.214   122.214  2 55900.98390102 38.204
 127  97.235042  25.097273   121.375   121.375  2 55910.89953454 39.251
 128  97.230550  25.096666   121.609   121.609  2 55920.81518833 39.990
 129  97.228033  25.097220   121.310   120.737  3 55930.73083996 37.792
 130  97.227606  25.096701   120.578   120.667  3 55940.64648804 37.300
 131  97.226911  25.096388   120.604   120.604  2 55950.56213146 37.324
 132  97.225952  25.096752   120.086   120.121  3 55960.47777083 35.725
 133  97.226518  25.095973   120.523   120.527  3 55970.39340853 35.738
 134  97.228317  25.097439   121.368   121.632  3 55980.30904502 34.573
 135  97.232120  25.097862   121.970   121.970  2 55990.22468104 33.592
 136  97.232507  25.098321   122.082   122.082  2 56000.14032559 34.959
 137  97.229909  25.097444   121.254   121.104  3 56010.05597665 35.126
 138  97.228082  25.095592   120.626   120.565  3 56019.97162381 38.549
 139  97.225883  25.096090   121.310   121.358  3 56029.88726721 40.076
 140  97.226180  25.095672   122.279   122.209  3 56039.80290885 41.144
 141  97.228120  25.096525   122.921   122.921  2 56049.71854819 41.128
 142  97.231386  25.097615   122.792   122.792  2 56059.63418487 41.247
 143  97.235274  25.097794   121.839   121.839  2 56069.54982003 41.480
 144  97.232113  25.097444   122.938   122.845  3 56079.46547057 43.867
 145  97.229405  25.096344   123.740   123.806  3 56089.38111878 41.362
 146  97.228193  25.096236   126.111   126.175  3 56099.29676458 44.269
 147  97.228253  25.096338   130.656   129.897  3 56109.21239663 23.273
 148  97.229312  25.096408   127.305   127.305  2 56119.12803744 38.969
 149  97.230429  25.097518   129.145   129.249  3 56129.04367438 46.194
 150  97.232032  25.097347   127.169   127.206  3 56138.95930812 47.739
 151  97.229566  25.096727   125.520   125.554  3 56148.87495638 37.295
 152  97.228416  25.096966   124.450   124.450  2 56158.79060492 40.760
 153  97.228752  25.096756   124.747   124.768  3 56168.70625241 45.439
 154  97.229282  25.096143   124.131   124.064  3 56178.62189688 43.524
 155  97.229111  25.096845   127.617   127.599  3 56188.53753666 47.217
 156  97.229214  25.097562   126.091   126.125  3 56198.45317325 44.054
 157  97.231435  25.097676   129.005   129.131  3 56208.36880762 47.303
 158  97.235355  25.097585   124.303   124.303  2 56218.28444076 43.145
 159  97.235426  25.098499   123.673   123.673  2 56228.20008618 37.020
 160  97.233346  25.097586   123.315   123.315  2 56238.11574073 37.069
 161  97.230629  25.097456   123.070   123.200  3 56248.03139117 38.504
 162  97.229469  25.096460   122.043   122.043  2 56257.94703687 38.048
 163  97.229086  25.096945   122.049   122.531  3 56267.86267890 38.648
 164  97.229572  25.097303   122.494   122.494  2 56277.77831919 37.069
 165  97.228798  25.096149   121.796   122.279  3 56287.69396762 39.070
 166  97.226895  25.096178   122.349   122.349  2 56297.60961638 37.913
 167  97.225574  25.095006   121.145   120.761  3 56307.52526151 39.215
 168  97.224789  25.094348   120.305   120.314  3 56317.44090406 39.161
 169  97.224421  25.096333   119.963   119.988  3 56327.35654494 36.508
 170  97.227107  25.096224   120.055   120.022  3 56337.27218569 38.682
 171  97.230424  25.096660   121.235   121.235  2 56347.18782479 34.079
 172  97.232602  25.097480   121.796   122.317  3 56357.10346112 37.573
 173  97.229123  25.096674   119.945   119.945  2 56367.01910981 35.010
 176  97.226112  25.095725   122.473   122.466  3 56396.76604732 35.953
 177  97.228470  25.096431   120.669   120.669  2 56406.68168832 38.415
 178  97.230749  25.097380   124.425   124.425  2 56416.59732561 44.322
 179  97.233590  25.098057   122.624   122.626  3 56426.51295833 41.277
 180  97.230606  25.096614   123.090   123.150  3 56436.42860881 39.899
 181  97.226810  25.096893   123.533   123.486  3 56446.34426012 38.419
 182  97.226345  25.095215   123.950   123.920  3 56456.25990993 42.086
 183  97.225334  25.096217   124.370   124.429  3 56466.17555616 39.414
 184  97.225345  25.095891   126.388   126.381  3 56476.09119881 42.609
 185  97.226214  25.094766   128.548   128.567  3 56486.00683810 39.874
 186  97.227306  25.095212   127.131   127.064  3 56495.92247405 46.840
 187  97.229873  25.097306   125.743   125.729  3 56505.83810801 45.078
 188  97.235382  25.098281   125.281   125.281  2 56515.75374086 46.997
 189  97.234144  25.097492   124.614   124.614  2 56525.66939506 44.300
 190  97.231747  25.097686   125.447   125.429  3 56535.58504500 45.670
 192  97.226849  25.095188   124.064   124.165  3 56555.41633546 40.946
 193  97.226674  25.096326   123.291   123.362  3 56565.33197803 39.208
 194  97.229096  25.097012   123.776   123.886  3 56575.24761976 42.551
 195  97.232674  25.097726   123.589   123.589  2 56585.16325872 38.545
 196  97.235471  25.098363   122.647   122.602  3 56595.07889568 35.694
 197  97.230938  25.097741   122.716   123.073  3 56604.99454850 42.229
 198  97.228322  25.095794   122.298   122.332  3 56614.91019679 39.059
 199  97.227312  25.097025   121.462   121.254  3 56624.82584063 37.036
 200  97.228819  25.096634   122.655   122.655  2 56634.74148208 38.179
 201  97.231678  25.097535   122.842   122.842  2 56644.65711928 41.535
 202  97.228677  25.096855   122.164   122.663  3 56654.57277175 38.032
 203  97.225696  25.096669   120.202   120.221  3 56664.48841994 37.197
 204  97.224281  25.095529   120.399   120.433  3 56674.40406605 37.741
 205  97.224281  25.095868   120.149   120.264  3 56684.31971109 35.653
 206  97.226525  25.096116   120.020   120.112  3 56694.23535443 36.612
 207  97.230216  25.096782   120.881   120.881  2 56704.15099347 34.401
 208  97.233194  25.097536   121.235   121.235  2 56714.06662703 39.794
 210  97.224751  25.094450   120.183   120.074  3 56733.89792786 38.604
 211  97.223490  25.095070   120.489   120.496  3 56743.81357451 37.943
 212  97.226489  25.095284   120.750   120.634  3 56753.72921717 38.933
 213  97.230724  25.097288   121.490   121.251  3 56763.64485407 38.007
 214  97.234351  25.097352   120.479   120.479  2 56773.56048811 39.467
 215  97.228280  25.096643   121.448   121.388  3 56783.47614482 37.470
 216  97.223163  25.095917   123.245   123.242  3 56793.39179816 39.006
 217  97.220668  25.094614   121.367   121.489  3 56803.30744910 35.595
 218  97.222141  25.094804   121.961   122.101  3 56813.22309244 32.328
 219  97.224777  25.094312   124.488   124.501  3 56823.13873255 40.391
 221  97.229316  25.096635   126.749   126.749  2 56842.97000010 45.235
 222  97.229688  25.096836   126.332   126.332  2 56852.88564078 45.587
 223  97.226938  25.096985   125.463   125.503  3 56862.80129422 43.779
 224  97.226595  25.095244   125.548   125.648  3 56872.71694760 45.740
 225  97.225756  25.095843   127.802   127.697  3 56882.63259731 45.047
 226  97.225005  25.095717   126.512   126.550  3 56892.54824367 44.468
 227  97.223684  25.094422   124.375   124.415  3 56902.46388719 41.467
 228  97.221857  25.095262   124.416   124.412  3 56912.37952854 41.234
 229  97.223962  25.093919   124.311   124.327  3 56922.29516931 39.917
 230  97.227415  25.096189   124.386   124.392  3 56932.21080735 40.781
 231  97.232486  25.097863   124.020   124.220  3 56942.12644051 38.242
 232  97.233593  25.097443   122.846   122.773  3 56952.04208399 38.290
 233  97.229165  25.097348   122.408   122.408  2 56961.95773485 38.265
 234  97.226268  25.096670   121.609   121.514  3 56971.87338083 39.441
 235  97.226673  25.096194   122.123   122.123  2 56981.78902277 39.454
 236  97.229643  25.096898   121.582   121.582  2 56991.70466010 39.601
 237  97.234290  25.098152   121.970   122.270  3 57001.62029239 37.635
 238  97.230318  25.096837   121.594   121.594  2 57011.53594950 39.464
 239  97.226847  25.096597   121.242   121.401  3 57021.45160079 37.578
 240  97.225334  25.095701   120.526   120.526  2 57031.36724984 37.318
 241  97.225258  25.095643   120.218   120.218  2 57041.28289713 37.275
 242  97.226135  25.096504   121.341   121.707  3 57051.19854232 34.956
 243  97.228364  25.096485   121.298   121.298  2 57061.11418363 37.237
 244  97.230437  25.097232   120.960   120.960  2 57071.02981918 35.176
 245  97.232462  25.098164   121.994   121.994  2 57080.94545029 36.005
 246  97.232249  25.097613   122.042   122.042  2 57090.86109233 38.955
 247  97.228811  25.096378   120.381   120.341  3 57100.77674972 35.633
 248  97.227399  25.096488   120.929   120.929  2 57110.69240374 38.499
 249  97.227778  25.096747   122.559   122.559  2 57120.60805219 39.159
 250  97.227886  25.096392   120.837   120.745  3 57130.52369501 39.564
 251  97.228430  25.096140   122.145   122.069  3 57140.43933268 36.580
 252  97.229972  25.096636   121.299   121.299  2 57150.35496709 36.232
 253  97.233593  25.097552   123.121   123.120  3 57160.27059868 41.049
 254  97.231297  25.097696   122.443   122.418  3 57170.18625187 39.697
 255  97.228424  25.096910   123.169   123.169  2 57180.10190741 42.452
 256  97.225877  25.096043   125.822   125.874  3 57190.01755896 45.221
 257  97.223998  25.096543   125.168   125.215  3 57199.93320656 43.181
 258  97.224698  25.095161   126.751   126.818  3 57209.84884079 45.123
 259  97.226355  25.094872   126.050   126.052  3 57219.76448464 46.294
 260  97.227080  25.097032   125.535   125.538  3 57229.68012676 43.133
 261  97.228979  25.096282   124.557   124.361  3 57239.59576732 45.645
 262  97.230249  25.097315   124.484   124.484  2 57249.51140457 43.412
 263  97.232493  25.097259   126.459   126.472  3 57259.42703995 46.339
 264  97.235250  25.097289   129.693   129.693  2 57269.34267436 50.385
 265  97.233618  25.097664   125.395   125.396  3 57279.25832565 39.649
 266  97.231603  25.096962   126.460   126.525  3 57289.17398165 43.487
 267  97.228808  25.097480   124.201   124.196  3 57299.08963450 40.509
 268  97.226922  25.096567   123.968   124.051  3 57309.00528405 39.745
 269  97.225462  25.094560   122.198   122.212  3 57318.92093018 39.143
 270  97.223429  25.096401   121.738   121.681  3 57328.83657219 38.835
 271  97.225314  25.095547   121.773   121.677  3 57338.75221278 41.235
 272  97.224941  25.095291   121.495   121.530  3 57348.66786131 40.445
 273  97.225031  25.094894   121.301   121.330  3 57358.58350713 39.273
 274  97.224464  25.096011   121.395   121.429  3 57368.49914942 38.600
 275  97.225879  25.094741   121.989   121.923  3 57378.41478982 32.417
 276  97.228312  25.095859   122.153   122.049  3 57388.33042855 38.666
 277  97.232055  25.096871   122.201   122.201  2 57398.24606671 37.313
 278  97.235584  25.097660   120.959   120.959  2 57408.16170335 37.122
 279  97.231483  25.098111   122.232   122.232  2 57418.07735664 38.325
 280  97.228213  25.096549   122.060   122.016  3 57427.99300768 37.769
 281  97.226412  25.094852   121.045   121.048  3 57437.90865607 40.280
 282  97.225632  25.096821   121.895   121.909  3 57447.82430217 38.386
 283  97.227295  25.096215   121.897   121.897  2 57457.73994775 37.732
 284  97.229095  25.096536   121.834   121.834  2 57467.65559035 36.904
 285  97.230430  25.097740   122.153   122.153  2 57477.57122878 37.135
 286  97.231595  25.097427   124.381   124.427  3 57487.48686435 35.828
 287  97.233242  25.097859   123.504   123.504  2 57497.40249785 41.619
 288  97.235071  25.097406   124.757   124.757  2 57507.31813676 38.344
 289  97.231100  25.098096   124.052   124.052  2 57517.23379276 39.589
 290  97.229271  25.097174   125.414   125.414  2 57527.14944651 41.629
 291  97.227298  25.096458   124.969   124.980  3 57537.06509751 40.708
 292  97.225256  25.095618   123.247   123.247  2 57546.98074574 40.820
 293  97.224083  25.095345   125.183   125.236  3 57556.89639209 41.597
 294  97.224485  25.096699   127.556   127.594  3 57566.81203680 44.644
 295  97.227246  25.095328   130.184   130.222  3 57576.72768143 49.118
 296  97.228148  25.096992   128.854   128.854  2 57586.64332412 45.517
 297  97.228358  25.097108   131.929   131.941  3 57596.55896477 45.865
