-264558.881    -6.077     0.00    1.46
-264269.483    -6.396    -1.10    1.48
-263980.076    -6.276     0.41    1.35
-263690.662    -6.410    -0.46    1.20
-263401.239    -6.547    -0.47    1.18
-263111.808    -6.767    -0.76    1.14
-262822.369    -6.767     0.00    1.27
-262532.922    -6.850    -0.29    1.26
-262243.467    -6.903    -0.18    1.25
-261954.003    -6.857     0.16    1.24
-261664.532    -6.968    -0.38    1.16
-261375.052    -6.836     0.46    1.16
-261085.564    -6.787     0.17    1.14
-260796.068    -6.717     0.24    1.03
-260506.564    -6.678     0.13    1.04
-260217.052    -6.603     0.26    1.13
-259927.531    -6.345     0.89    1.42
-259638.003    -6.083     0.90    1.68
-259348.466    -5.935     0.51    1.70
-259058.921    -5.787     0.51    1.84
-258769.368    -5.770     0.06    1.85
-258479.807    -5.937    -0.57    1.84
-258190.237    -6.065    -0.44    1.71
-257900.660    -6.426    -1.25    1.36
-257611.074    -6.583    -0.54    1.29
-257321.480    -6.617    -0.12    1.43
-257031.878    -6.444     0.59    1.76
-256742.268    -6.300     0.50    1.77
-256452.650    -6.651    -1.21    2.00
-256163.023    -6.862    -0.73    1.93
-255873.389    -7.050    -0.65    1.57
-255583.746    -7.300    -0.86    1.75
-255294.095    -7.219     0.28    1.94
-255004.436    -7.295    -0.26    2.09
-254714.768    -7.333    -0.13    2.02
-254425.093    -7.367    -0.12    1.80
-254135.409    -7.567    -0.69    1.66
-253845.717    -7.492     0.26    1.64
-253556.017    -7.258     0.81    1.47
-253266.309    -7.333    -0.26    1.41
-252976.592    -7.213     0.41    1.34
-252686.868    -7.100     0.39    1.28
-252397.135    -6.883     0.75    1.01
-252107.394    -6.846     0.13    1.02
-251817.644    -6.754     0.32    0.96
-251527.887    -6.857    -0.36    1.12
-251238.121    -6.717     0.48    1.18
-250948.347    -6.533     0.63    1.16
-250658.565    -6.350     0.63    1.16
-250368.775    -6.339     0.04    1.12
-250078.976    -6.339     0.00    1.04
-249789.170    -6.258     0.28    0.99
-249499.355    -6.317    -0.20    1.02
-249209.532    -6.274     0.15    1.19
-248920.375    -6.150     0.43    1.36
-248632.299    -6.186    -0.13    1.36
-248344.215    -6.254    -0.23    1.51
-248056.123    -6.390    -0.47    1.70
-247768.024    -6.483    -0.32    1.98
-247479.915    -6.677    -0.67    2.13
-247191.799    -6.817    -0.48    1.94
-246903.675    -7.016    -0.69    2.16
-246615.542    -7.206    -0.66    2.29
-246327.402    -7.254    -0.17    2.44
-246039.253    -7.355    -0.35    2.48
-245751.097    -7.650    -1.02    2.67
-245462.932    -7.733    -0.29    2.68
-245174.759    -7.968    -0.81    2.73
-244886.577    -8.246    -0.97    2.77
-244598.388    -8.391    -0.50    2.83
-244310.191    -8.656    -0.92    2.76
-244021.985    -8.967    -1.08    2.71
-243733.771    -9.180    -0.74    2.74
-243445.550    -9.143     0.13    2.75
-243157.320    -9.371    -0.79    2.67
-242869.082    -9.476    -0.37    2.66
-242580.835    -9.565    -0.31    2.68
-242292.581    -9.569    -0.02    2.85
-242004.318    -9.767    -0.69    2.78
-241716.048    -9.885    -0.41    2.69
-241427.769   -10.172    -0.99    2.29
-241139.482   -10.328    -0.54    2.36
-240851.187   -10.581    -0.88    1.98
-240562.884   -10.721    -0.49    1.65
-240274.572   -11.000    -0.97    0.00
-239986.253   -11.000     0.00    0.00
-239697.925   -11.000     0.00    0.00
-239409.589   -11.000     0.00    0.00
-239121.245   -11.000     0.00    0.00
-238832.893   -11.000     0.00    0.00
-238544.532   -11.000     0.00    0.00
-238256.164   -10.476     1.82    2.26
-237967.787    -9.778     2.42    2.95
-237679.402    -8.825     3.30    3.47
-237391.009    -7.951     3.03    3.53
-237102.608    -7.067     3.07    3.27
-236814.199    -6.672     1.37    2.77
-236525.781    -6.246     1.48    1.93
-236237.355    -5.898     1.21    1.39
-235948.921    -6.048    -0.52    1.26
-235660.479    -6.066    -0.06    1.40
-235372.029    -5.933     0.46    1.54
-235083.571    -5.950    -0.06    1.64
-234795.104    -5.952    -0.01    1.86
-234506.629    -6.095    -0.50    2.02
-234218.146    -6.317    -0.77    2.26
-233929.655    -6.548    -0.80    2.52
-233641.155    -7.033    -1.68    2.60
-233352.648    -7.600    -1.96    2.76
-233064.132    -8.328    -2.52    2.64
-232775.608    -8.651    -1.12    2.65
-232487.076    -8.869    -0.76    2.53
-232198.535    -8.810     0.21    2.59
-231909.987    -8.869    -0.21    2.40
-231621.430    -8.617     0.87    2.48
-231332.865    -8.450     0.58    2.38
-231044.292    -8.238     0.73    2.59
-230755.710    -8.371    -0.46    2.61
-230467.120    -8.516    -0.50    2.60
-230178.522    -8.817    -1.04    2.55
-229889.916    -9.117    -1.04    2.44
-229601.302    -9.377    -0.90    2.30
-229312.680    -9.950    -1.98    1.80
-229024.049    -9.635     1.09    2.07
-228735.410    -9.458     0.61    2.13
-228446.763    -9.150     1.07    2.22
-228158.107    -8.633     1.79    2.36
-227869.443    -8.131     1.74    2.28
-227580.772    -7.915     0.75    2.16
-227292.091    -7.683     0.81    2.09
-227003.403    -7.410     0.94    1.87
-226714.706    -7.083     1.13    1.85
-226426.002    -7.534    -1.56    2.07
-226137.289    -8.097    -1.95    2.30
-225848.567    -8.794    -2.41    2.33
-225559.838    -9.226    -1.50    2.38
-225271.100    -9.778    -1.91    2.21
-224982.354    -9.833    -0.19    2.17
-224693.599    -9.883    -0.17    1.98
-224404.837    -9.169     2.47    2.21
-224116.066    -8.469     2.43    2.26
-223827.287    -7.770     2.42    2.18
-223538.500    -7.095     2.34    1.89
-223249.704    -6.833     0.91    1.70
-222960.900    -6.550     0.98    1.68
-222672.088    -6.344     0.71    2.52
-222383.268    -6.381    -0.13    2.51
-222094.439    -6.603    -0.77    2.61
-221805.602    -6.500     0.36    2.60
-221516.757    -6.283     0.75    3.12
-221227.904    -6.230     0.19    3.11
-220939.042    -6.177     0.18    3.35
-220650.172    -6.339    -0.56    3.01
-220361.294    -6.274     0.22    2.94
-220072.408    -6.051     0.77    3.00
-219783.513    -6.500    -1.55    2.59
-219494.610    -6.726    -0.78    2.08
-219205.698    -6.548     0.61    2.15
-218916.779    -6.349     0.69    1.94
-218627.851    -6.547    -0.68    2.05
-218338.915    -6.161     1.33    3.23
-218049.970    -5.885     0.96    3.41
-217761.017    -5.850     0.12    3.37
-217472.056    -5.867    -0.06    3.41
-217183.087    -5.127     2.56    3.77
-216894.109    -4.517     2.11    3.95
-216605.123    -4.333     0.63    3.45
-216316.129    -4.458    -0.43    3.17
-216027.127    -4.000     1.58    3.36
-215738.116    -3.483     1.79    3.39
-215449.097    -3.281     0.70    3.32
-215160.069    -3.902    -2.15    3.34
-214871.033    -4.175    -0.94    3.53
-214581.989    -4.517    -1.18    3.44
-214292.937    -5.424    -3.14    2.35
-214003.876    -5.952    -1.83    1.88
-213714.807    -6.111    -0.55    1.89
-213425.730    -6.234    -0.43    1.82
-213136.644    -5.869     1.26    2.81
-212847.550    -5.133     2.54    3.37
-212558.448    -4.525     2.11    4.27
-212269.337    -4.344     0.62    4.48
-211980.218    -4.367    -0.08    4.69
-211691.091    -4.651    -0.98    4.42
-211401.955    -4.721    -0.24    4.38
-211112.811    -5.450    -2.52    4.29
-210823.659    -6.083    -2.19    3.83
-210534.499    -7.226    -3.95    2.69
-210245.330    -7.810    -2.02    2.50
-209956.152    -8.286    -1.65    2.64
-209666.967    -8.794    -1.76    2.58
-209377.773    -9.233    -1.52    2.51
-209088.571    -9.467    -0.81    2.42
-208799.360   -10.098    -2.18    1.97
-208510.141   -10.397    -1.03    1.61
-208220.914   -10.733    -1.16    1.18
-207931.678   -10.902    -0.58    0.77
-207642.434   -11.000    -0.34    0.00
-207353.182   -11.000     0.00    0.00
-207063.921   -11.000     0.00    0.00
-206774.652   -10.672     1.13    1.16
-206485.374   -10.238     1.50    1.76
-206196.088    -9.613     2.16    2.29
-205906.794    -9.000     2.12    2.41
-205617.492    -8.279     2.49    2.37
-205328.181    -7.532     2.58    2.12
-205038.862    -6.839     2.40    1.50
-204749.534    -6.587     0.87    1.24
-204460.198    -6.639    -0.18    1.14
-204170.854    -6.567     0.25    1.25
-203881.501    -6.475     0.32    1.28
-203592.140    -6.538    -0.22    1.37
-203302.770    -6.492     0.16    1.29
-203013.392    -6.444     0.16    1.45
-202724.006    -6.400     0.15    1.91
-202434.611    -5.933     1.61    3.01
-202145.208    -5.183     2.59    4.17
-201855.797    -3.581     5.54    5.72
-201566.377    -2.968     2.12    6.12
-201276.949    -2.381     2.03    6.33
-200987.512    -2.213     0.58    6.44
-200698.067    -2.770    -1.93    6.23
-200408.614    -3.667    -3.10    5.58
-200119.152    -5.197    -5.29    4.32
-199829.682    -6.048    -2.94    3.08
-199540.203    -6.475    -1.47    1.76
-199250.716    -6.833    -1.24    1.34
-198961.221    -6.871    -0.13    1.30
-198671.717    -6.883    -0.04    1.33
-198382.205    -6.787     0.33    1.27
-198092.684    -6.905    -0.41    1.28
-197803.155    -6.823     0.28    1.39
-197513.618    -6.967    -0.50    1.21
-197224.072    -6.845     0.42    1.31
-196934.517    -6.774     0.24    1.27
-196644.955    -6.825    -0.18    1.30
-196355.384    -6.873    -0.16    1.26
-196065.804    -6.806     0.23    1.30
-195776.216    -6.820    -0.05    1.28
-195486.620    -6.733     0.30    1.30
-195197.015    -6.516     0.75    1.25
-194907.402    -6.516     0.00    1.20
-194617.780    -6.525    -0.03    1.15
-194328.150    -6.524     0.00    1.12
-194038.511    -6.417     0.37    1.08
-193748.864    -6.550    -0.46    1.11
-193459.209    -6.492     0.20    1.13
-193169.545    -6.667    -0.60    1.18
-192879.873    -6.730    -0.22    1.29
-192590.192    -6.774    -0.15    1.17
-192300.503    -6.883    -0.38    1.11
-192010.805    -6.983    -0.35    1.02
-191721.099    -7.032    -0.17    1.01
-191431.384    -7.033    -0.00    1.01
-191141.661    -7.016     0.06    1.02
-190851.930    -7.217    -0.69    1.21
-190562.190    -7.200     0.06    1.57
-190272.442    -7.328    -0.44    1.68
-189982.685    -7.190     0.47    1.79
-189692.919    -7.210    -0.07    1.83
-189403.146    -6.968     0.83    1.92
-189113.363    -6.839     0.45    1.89
-188823.573    -6.627     0.73    1.64
-188533.774    -6.667    -0.14    1.69
-188243.966    -6.710    -0.15    1.61
-187954.150    -6.619     0.31    1.66
-187664.325    -6.869    -0.86    1.66
-187374.492    -7.098    -0.79    1.37
-187084.651    -6.968     0.45    1.39
-186794.884    -7.100    -0.46    1.35
-186506.850    -7.136    -0.12    1.22
-186218.808    -7.127     0.03    1.26
-185930.758    -7.083     0.15    1.23
-185642.700    -6.935     0.51    1.29
-185354.633    -7.033    -0.34    1.35
-185066.557    -6.800     0.81    1.31
-184778.474    -6.677     0.43    1.64
-184490.382    -6.556     0.42    1.61
-184202.281    -6.524     0.11    1.75
-183914.172    -6.667    -0.50    1.73
-183626.055    -6.650     0.06    1.78
-183337.930    -6.883    -0.81    1.60
-183049.796    -6.984    -0.35    1.57
-182761.653    -7.197    -0.74    1.45
-182473.503    -7.286    -0.31    1.41
-182185.344    -7.333    -0.17    1.34
-181897.176    -6.983     1.21    1.61
-181609.000    -7.180    -0.68    1.99
-181320.816    -7.339    -0.55    1.95
-181032.623    -7.403    -0.22    1.82
-180744.422    -7.460    -0.20    1.85
-180456.213    -7.468    -0.03    1.77
-180167.995    -7.230     0.83    1.59
-179879.769    -7.203     0.09    1.60
-179591.534    -7.016     0.65    2.00
-179303.291    -6.953     0.22    2.07
-179015.039    -6.852     0.35    2.04
-178726.779    -7.000    -0.51    2.11
-178438.511    -7.098    -0.34    2.13
-178150.234    -7.333    -0.82    1.98
-177861.949    -7.600    -0.92    1.80
-177573.656    -7.922    -1.12    1.42
-177285.354    -7.967    -0.16    1.33
-176997.043    -7.968    -0.00    1.40
-176708.725    -8.000    -0.11    1.31
-176420.397    -7.833     0.58    1.37
-176132.062    -7.645     0.65    1.56
-175843.718    -7.540     0.37    1.41
-175555.365    -7.460     0.28    1.41
-175267.004    -7.516    -0.19    1.38
-174978.635    -7.617    -0.35    1.32
-174690.257    -7.710    -0.32    1.11
-174401.871    -7.803    -0.32    1.01
-174113.476    -7.678     0.43    0.94
-173825.073    -7.750    -0.25    1.05
-173536.661    -7.610     0.48    1.38
-173248.241    -7.283     1.13    1.57
-172959.813    -7.274     0.03    1.55
-172671.376    -7.213     0.21    1.65
-172382.931    -7.258    -0.16    1.60
-172094.477    -7.143     0.40    1.56
-171806.015    -7.145    -0.01    1.55
-171517.544    -7.361    -0.75    1.13
-171229.065    -7.083     0.96    1.42
-170940.577    -6.850     0.81    2.04
-170652.081    -6.571     0.97    2.06
-170363.577    -6.810    -0.83    1.39
-170075.064    -6.797     0.04    1.31
-169786.542    -6.627     0.59    1.29
-169498.012    -6.717    -0.31    1.40
-169209.474    -6.797    -0.28    1.24
-168920.927    -6.877    -0.28    1.14
-168632.372    -7.033    -0.54    1.17
-168343.808    -7.000     0.11    1.19
-168055.236    -6.983     0.06    1.19
-167766.655    -6.717     0.92    1.19
-167478.066    -6.443     0.95    1.23
-167189.468    -6.210     0.81    1.34
-166900.862    -6.016     0.67    1.68
-166612.247    -6.032    -0.05    1.53
-166323.624    -5.590     1.53    1.86
-166034.992    -5.115     1.65    2.29
-165746.352    -5.033     0.28    2.72
-165457.704    -5.150    -0.40    2.82
-165169.047    -5.250    -0.35    2.73
-164880.381    -5.000     0.87    2.71
-164591.707    -5.180    -0.62    2.74
-164303.024    -5.774    -2.06    2.15
-164014.333    -5.483     1.01    2.32
-163725.634    -5.574    -0.31    2.25
-163436.926    -5.078     1.72    2.60
-163148.209    -4.683     1.37    3.24
-162859.484    -4.419     0.91    3.36
-162570.750    -3.881     1.86    3.65
-162282.008    -2.833     3.63    3.77
-161993.257    -2.048     2.72    4.00
-161704.498    -1.290     2.62    3.82
-161415.731    -0.984     1.06    3.54
-161126.954    -0.607     1.31    3.64
-160838.170     0.300     3.14    3.88
-160549.376     0.966     2.31    4.37
-160260.575     0.806    -0.55    4.73
-159971.764     0.656    -0.52    5.20
-159682.946     1.078     1.46    5.65
-159394.118     1.131     0.18    5.61
-159105.282    -0.133    -4.38    5.56
-158816.438    -0.150    -0.06    5.42
-158527.585    -0.371    -0.76    5.40
-158238.724     0.127     1.72    5.13
-157949.854    -0.651    -2.69    5.24
-157660.975    -1.694    -3.61    5.22
-157372.088    -2.733    -3.60    4.92
-157083.192    -3.333    -2.08    4.61
-156794.288    -4.410    -3.73    4.08
-156505.376    -4.810    -1.38    3.75
-156216.454    -5.203    -1.36    3.10
-155927.525    -5.213    -0.03    2.86
-155638.586    -5.258    -0.16    2.94
-155349.639    -5.150     0.37    2.93
-155060.684    -5.295    -0.50    2.90
-154771.720    -5.250     0.16    2.87
-154482.747    -5.603    -1.22    2.49
-154193.766    -5.935    -1.15    1.73
-153904.776    -5.783     0.53    1.90
-153615.778    -5.475     1.07    1.93
-153326.771    -5.302     0.60    2.19
-153037.756    -5.435    -0.46    2.44
-152748.732    -5.609    -0.60    2.41
-152459.699    -5.574     0.12    2.59
-152170.658    -5.467     0.37    2.66
-151881.609    -5.541    -0.26    2.64
-151592.550    -5.762    -0.76    2.47
-151303.484    -5.951    -0.65    1.99
-151014.408    -5.892     0.20    1.49
-150725.324    -5.951    -0.20    1.35
-150436.232    -6.267    -1.09    1.09
-150147.130    -6.483    -0.75    0.98
-149858.021    -6.587    -0.36    1.10
-149568.902    -6.635    -0.16    1.17
-149279.775    -6.730    -0.33    1.12
-148990.640    -6.839    -0.38    1.16
-148701.496    -6.817     0.08    1.21
-148412.343    -7.033    -0.75    1.18
-148123.182    -7.016     0.06    1.18
-147834.012    -7.079    -0.22    1.17
-147544.833    -7.169    -0.31    1.16
-147255.646    -7.115     0.19    1.13
-146966.450    -7.328    -0.74    1.15
-146677.246    -7.267     0.21    1.18
-146388.033    -7.213     0.19    1.18
-146098.812    -7.222    -0.03    1.21
-145809.582    -7.197     0.09    1.29
-145520.343    -7.213    -0.06    1.24
-145231.095    -7.217    -0.01    1.28
-144941.839    -7.344    -0.44    1.21
-144652.575    -7.387    -0.15    1.06
-144363.301    -7.349     0.13    1.12
-144074.020    -7.302     0.16    1.04
-143784.729    -7.417    -0.40    1.03
-143495.430    -7.567    -0.52    1.00
-143206.122    -7.443     0.43    0.99
-142916.806    -7.453    -0.04    0.99
-142627.481    -7.339     0.40    1.01
-142338.147    -7.323     0.05    1.09
-142048.805    -7.102     0.77    1.21
-141759.454    -6.883     0.75    1.25
-141470.094    -6.883     0.00    1.39
-141180.726    -6.774     0.38    1.48
-140891.349    -6.677     0.33    1.51
-140601.964    -6.667     0.04    1.59
-140312.570    -6.721    -0.19    1.55
-140023.167    -6.672     0.17    1.41
-139733.756    -6.656     0.06    1.36
-139444.336    -6.677    -0.07    1.23
-139154.907    -6.905    -0.79    1.24
-138865.469    -6.869     0.12    1.15
-138576.023    -6.767     0.35    1.20
-138286.569    -6.774    -0.03    1.17
-137997.105    -6.750     0.08    1.20
-137707.633    -6.583     0.58    1.27
-137418.153    -6.429     0.53    1.20
-137128.663    -6.083     1.19    1.29
-136839.165    -5.900     0.63    1.35
-136549.658    -5.806     0.32    1.32
-136260.143    -5.705     0.35    1.41
-135970.619    -5.645     0.21    1.42
-135681.086    -5.810    -0.57    1.79
-135391.545    -5.758     0.18    1.90
-135101.995    -5.820    -0.21    2.00
-134812.436    -5.883    -0.22    1.97
-134522.869    -6.133    -0.86    1.80
-134233.293    -6.266    -0.46    1.62
-133943.708    -6.066     0.69    1.88
-133654.114    -6.031     0.12    1.81
-133364.512    -5.983     0.17    1.83
-133074.901    -5.967     0.06    1.78
-132785.282    -6.049    -0.28    1.79
-132495.653    -6.094    -0.15    1.93
-132206.016    -6.213    -0.41    1.91
-131916.371    -6.365    -0.52    1.70
-131626.716    -6.200     0.57    1.79
-131337.053    -6.167     0.12    1.74
-131047.381    -6.355    -0.65    1.81
-130757.701    -6.349     0.02    1.79
-130468.012    -6.492    -0.49    1.74
-130178.314    -6.758    -0.92    1.73
-129888.607    -7.017    -0.89    1.80
-129598.892    -7.311    -1.02    1.73
-129309.168    -7.355    -0.15    1.81
-129019.435    -7.267     0.30    1.78
-128729.694    -7.286    -0.07    1.72
-128439.944    -7.164     0.42    1.69
-128150.185    -6.950     0.74    1.77
-127860.417    -7.033    -0.29    1.79
-127570.641    -7.270    -0.82    1.75
-127280.856    -7.242     0.10    1.76
-126991.062    -7.333    -0.32    1.80
-126701.259    -7.180     0.53    1.99
-126411.448    -7.150     0.10    2.08
-126121.628    -7.131     0.07    2.05
-125831.799    -6.919     0.73    2.15
-125541.962    -7.000    -0.28    2.12
-125252.115    -7.000     0.00    2.13
-124962.260    -7.210    -0.72    2.12
-124672.397    -7.339    -0.45    2.00
-124383.843    -7.283     0.19    1.92
-124095.841    -6.881     1.40    2.05
-123807.829    -6.571     1.08    2.22
-123519.810    -6.356     0.75    2.18
-123231.781    -6.355     0.00    2.12
-122943.744    -6.246     0.38    2.09
-122655.699    -6.283    -0.13    2.07
-122367.644    -6.492    -0.72    2.02
-122079.581    -6.547    -0.19    2.08
-121791.510    -6.587    -0.14    1.97
-121503.430    -6.587     0.00    2.00
-121215.341    -6.483     0.36    1.98
-120927.243    -6.200     0.98    2.19
-120639.137    -5.726     1.65    2.31
-120351.022    -5.581     0.50    2.16
-120062.899    -5.429     0.53    2.06
-119774.767    -5.131     1.03    2.16
-119486.626    -4.750     1.32    2.29
-119198.477    -4.694     0.20    2.39
-118910.319    -4.951    -0.89    2.40
-118622.152    -5.356    -1.41    2.36
-118333.977    -5.365    -0.03    2.30
-118045.793    -5.344     0.07    2.17
-117757.600    -5.150     0.67    2.22
-117469.399    -5.410    -0.90    2.25
-117181.189    -5.242     0.58    2.31
-116892.970    -5.127     0.40    2.21
-116604.743    -4.968     0.55    2.28
-116316.507    -5.194    -0.78    2.41
-116028.262    -5.567    -1.29    2.38
-115740.009    -5.667    -0.35    2.55
-115451.747    -5.667     0.00    2.36
-115163.477    -5.692    -0.09    2.40
-114875.197    -5.393     1.04    2.51
-114586.909    -5.154     0.83    2.46
-114298.613    -5.017     0.48    2.27
-114010.307    -4.883     0.46    2.23
-113721.993    -4.833     0.17    2.19
-113433.670    -4.859    -0.09    2.10
-113145.339    -4.905    -0.16    2.04
-112856.999    -4.810     0.33    2.09
-112568.650    -4.623     0.65    2.16
-112280.292    -4.483     0.48    2.06
-111991.926    -4.393     0.31    2.07
-111703.551    -4.226     0.58    2.21
-111415.168    -4.062     0.57    2.16
-111126.775    -4.238    -0.61    2.19
-110838.374    -4.613    -1.30    2.12
-110549.965    -4.328     0.99    2.54
-110261.546    -4.433    -0.37    2.62
-109973.119    -4.754    -1.11    2.79
-109684.683    -5.175    -1.46    2.71
-109396.239    -5.217    -0.15    2.88
-109107.785    -5.387    -0.59    2.96
-108819.323    -5.770    -1.33    2.65
-108530.853    -5.817    -0.16    2.58
-108242.373    -5.721     0.33    2.48
-107953.885    -5.281     1.53    2.55
-107665.388    -5.159     0.42    2.67
-107376.883    -5.286    -0.44    2.79
-107088.368    -4.721     1.96    2.71
-106799.845    -4.333     1.34    2.72
-106511.314    -4.113     0.76    2.56
-106222.773    -4.016     0.34    2.70
-105934.224    -4.172    -0.54    2.57
-105645.666    -4.148     0.08    2.49
-105357.099    -4.433    -0.99    2.29
-105068.524    -4.435    -0.01    2.29
-104779.939    -4.475    -0.14    2.16
-104491.347    -4.133     1.19    2.15
-104202.745    -3.746     1.34    1.95
-103914.134    -3.279     1.62    1.63
-103625.515    -3.217     0.21    1.26
-103336.887    -3.311    -0.33    1.04
-103048.251    -3.258     0.19    1.05
-102759.605    -3.159     0.34    1.03
-102470.951    -3.141     0.06    1.08
-102182.288    -3.129     0.04    1.09
-101893.616    -3.213    -0.29    1.14
-101604.936    -3.150     0.22    1.18
-101316.247    -3.180    -0.11    1.30
-101027.549    -2.873     1.06    1.71
-100738.842    -2.746     0.44    1.95
-100450.126    -2.859    -0.39    2.16
-100161.402    -2.917    -0.20    2.31
 -99872.669    -2.817     0.35    2.34
 -99583.927    -2.850    -0.12    2.13
 -99295.177    -2.846     0.01    2.16
 -99006.417    -2.787     0.21    1.70
 -98717.649    -2.877    -0.31    1.26
 -98428.872    -2.950    -0.25    0.91
 -98140.086    -2.883     0.23    0.88
 -97851.292    -2.820     0.22    0.81
 -97562.488    -2.556     0.91    1.20
 -97273.676    -2.333     0.77    1.31
 -96984.855    -1.903     1.49    1.50
 -96696.026    -1.934    -0.11    2.29
 -96407.187    -2.033    -0.34    2.82
 -96118.340    -2.000     0.11    3.01
 -95829.484    -2.492    -1.70    3.30
 -95540.619    -2.873    -1.32    3.16
 -95251.745    -2.881    -0.03    3.26
 -94962.863    -2.767     0.40    3.10
 -94673.972    -2.694     0.25    2.96
 -94385.072    -2.483     0.73    3.09
 -94096.163    -2.517    -0.12    2.75
 -93807.245    -2.587    -0.24    2.51
 -93518.319    -2.689    -0.35    2.33
 -93229.383    -2.902    -0.74    2.07
 -92940.439    -3.050    -0.51    1.96
 -92651.486    -3.344    -1.02    2.44
 -92362.524    -3.758    -1.43    2.32
 -92073.554    -3.825    -0.23    2.36
 -91784.574    -4.095    -0.93    2.29
 -91495.586    -4.450    -1.23    2.00
 -91206.589    -4.683    -0.81    1.61
 -90917.583    -4.400     0.98    1.81
 -90628.568    -4.188     0.74    1.93
 -90339.545    -3.885     1.05    2.03
 -90050.512    -3.492     1.36    2.07
 -89761.471    -3.417     0.26    2.10
 -89472.421    -3.283     0.46    2.02
 -89183.362    -3.167     0.40    1.99
 -88894.295    -2.692     1.64    2.40
 -88605.218    -2.317     1.30    2.58
 -88316.132    -2.111     0.71    2.71
 -88027.038    -1.433     2.34    2.68
 -87737.935    -1.367     0.23    2.80
 -87448.823    -1.410    -0.15    2.55
 -87159.702    -1.855    -1.54    2.68
 -86870.573    -2.190    -1.16    2.31
 -86581.434    -2.145     0.16    1.91
 -86292.287    -2.387    -0.84    1.69
 -86003.130    -2.500    -0.39    1.22
 -85713.965    -2.517    -0.06    1.21
 -85424.791    -2.426     0.31    1.19
 -85135.608    -2.190     0.82    1.13
 -84846.417    -2.117     0.26    1.15
 -84557.216    -2.049     0.23    1.13
 -84268.007    -2.161    -0.39    1.28
 -83978.788    -2.217    -0.19    1.29
 -83689.561    -2.328    -0.38    1.43
 -83400.325    -2.381    -0.18    1.63
 -83111.080    -2.532    -0.52    1.77
 -82821.826    -2.516     0.06    1.82
 -82532.564    -2.586    -0.24    1.83
 -82243.292    -2.689    -0.35    1.62
 -81954.012    -2.758    -0.24    1.50
 -81664.722    -2.839    -0.28    1.38
 -81375.424    -2.921    -0.28    1.25
 -81086.117    -3.200    -0.97    1.23
 -80796.801    -3.317    -0.40    1.28
 -80507.476    -3.383    -0.23    1.35
 -80218.142    -3.538    -0.54    1.35
 -79928.799    -3.387     0.52    1.42
 -79639.448    -3.477    -0.31    1.38
 -79350.087    -3.400     0.27    1.44
 -79060.718    -3.233     0.58    1.49
 -78771.339    -2.933     1.04    1.57
 -78481.952    -2.730     0.70    1.59
 -78192.556    -2.508     0.77    1.46
 -77903.151    -2.429     0.27    1.50
 -77613.737    -2.180     0.86    1.51
 -77324.314    -1.950     0.80    1.53
 -77034.882    -1.803     0.51    1.55
 -76745.441    -1.548     0.88    1.36
 -76455.992    -1.397     0.52    1.30
 -76166.533    -1.226     0.59    1.32
 -75877.066    -1.000     0.78    1.38
 -75587.589    -0.758     0.84    1.33
 -75298.104    -0.583     0.60    1.34
 -75008.610    -0.441     0.49    1.44
 -74719.106    -0.234     0.71    1.61
 -74429.594    -0.133     0.35    1.81
 -74140.073    -0.117     0.06    2.09
 -73850.543     0.210     1.13    2.35
 -73561.004     0.532     1.11    2.43
 -73271.456     0.918     1.33    2.08
 -72981.900     0.984     0.23    2.00
 -72692.334     0.823    -0.56    1.78
 -72402.759     0.672    -0.52    1.67
 -72113.175     0.339    -1.15    1.27
 -71823.583    -0.177    -1.78    1.34
 -71533.981    -0.444    -0.92    1.25
 -71244.371    -0.645    -0.69    1.13
 -70954.751    -0.825    -0.62    1.13
 -70665.123    -0.817     0.03    1.11
 -70375.485    -0.767     0.17    1.28
 -70085.839    -0.633     0.46    1.30
 -69796.184    -0.578     0.19    1.27
 -69506.519    -0.613    -0.12    1.27
 -69216.846    -0.631    -0.06    1.27
 -68927.164    -0.410     0.76    1.23
 -68637.473    -0.517    -0.37    1.11
 -68347.773    -0.508     0.03    1.06
 -68058.064    -0.516    -0.03    1.05
 -67768.345    -0.339     0.61    1.02
 -67478.618    -0.190     0.51    1.06
 -67188.882    -0.164     0.09    1.02
 -66899.137    -0.068     0.33    1.03
 -66609.383     0.048     0.40    1.03
 -66319.620     0.048    -0.00    1.01
 -66029.848     0.031    -0.06    0.99
 -65740.067    -0.113    -0.50    0.98
 -65450.277    -0.100     0.04    1.10
 -65160.478    -0.016     0.29    1.07
 -64870.670    -0.065    -0.17    1.08
 -64580.853    -0.233    -0.58    1.01
 -64291.027    -0.286    -0.18    0.99
 -64001.192    -0.419    -0.46    1.09
 -63711.348    -0.450    -0.11    1.08
 -63421.495    -0.557    -0.37    0.96
 -63131.634    -0.508     0.17    1.06
 -62841.763    -0.371     0.47    1.10
 -62551.883    -0.297     0.26    1.20
 -62262.678    -0.097     0.69    1.14
 -61974.716     0.200     1.03    1.15
 -61686.745     0.475     0.96    1.52
 -61398.764     0.742     0.93    1.84
 -61110.775     1.476     2.55    2.41
 -60822.777     2.365     3.09    2.96
 -60534.770     2.794     1.49    2.95
 -60246.754     2.950     0.54    2.95
 -59958.729     2.950     0.00    2.97
 -59670.696     2.492    -1.59    2.68
 -59382.653     2.108    -1.33    2.68
 -59094.602     1.677    -1.49    2.03
 -58806.542     1.277    -1.39    1.40
 -58518.472     1.283     0.02    1.35
 -58230.394     1.667     1.33    1.91
 -57942.307     2.186     1.80    2.42
 -57654.211     2.281     0.33    2.50
 -57366.106     2.175    -0.37    2.57
 -57077.993     2.238     0.22    2.35
 -56789.870     2.016    -0.77    2.39
 -56501.738     1.217    -2.78    1.90
 -56213.598     1.131    -0.30    1.64
 -55925.449     1.065    -0.23    1.39
 -55637.290     0.984    -0.28    1.33
 -55349.123     1.097     0.39    1.28
 -55060.947     1.161     0.22    1.24
 -54772.762     1.129    -0.11    1.22
 -54484.568     1.267     0.48    1.21
 -54196.365     1.262    -0.02    1.17
 -53908.153     1.172    -0.31    1.16
 -53619.932     1.183     0.04    1.14
 -53331.703     1.148    -0.12    1.11
 -53043.464     1.129    -0.06    1.12
 -52755.216     1.050    -0.27    1.08
 -52466.960     1.344     1.02    1.09
 -52178.694     1.375     0.11    1.08
 -51890.420     1.333    -0.14    1.08
 -51602.137     1.565     0.80    1.02
 -51313.844     1.733     0.59    1.02
 -51025.543     1.883     0.52    1.06
 -50737.233     1.952     0.24    1.08
 -50448.914     1.921    -0.11    1.05
 -50160.586     2.094     0.60    1.09
 -49872.249     2.226     0.46    0.98
 -49583.903     2.367     0.49    0.96
 -49295.548     2.410     0.15    0.97
 -49007.184     2.435     0.09    0.92
 -48718.811     2.417    -0.07    0.96
 -48430.429     2.438     0.07    0.92
 -48142.038     2.483     0.16    0.98
 -47853.639     2.383    -0.35    1.08
 -47565.230     2.419     0.12    1.15
 -47276.812     2.597     0.62    1.12
 -46988.386     3.000     1.40    1.24
 -46699.950     3.063     0.22    1.20
 -46411.505     3.290     0.79    1.38
 -46123.052     3.565     0.95    1.62
 -45834.589     3.776     0.73    1.65
 -45546.118     4.459     2.37    2.23
 -45257.637     4.919     1.60    2.53
 -44969.148     5.452     1.84    2.95
 -44680.649     6.032     2.01    2.95
 -44392.142     6.500     1.62    3.22
 -44103.625     6.733     0.81    3.46
 -43815.100     6.950     0.75    3.48
 -43526.565     6.859    -0.31    3.48
 -43238.022     7.164     1.06    3.60
 -42949.469     7.246     0.28    3.62
 -42660.908     7.033    -0.74    3.40
 -42372.337     7.150     0.40    3.34
 -42083.758     7.311     0.56    3.34
 -41795.169     7.794     1.67    3.38
 -41506.572     8.645     2.95    3.34
 -41217.965     9.906     4.37    3.73
 -40929.350    10.633     2.52    3.53
 -40640.725    10.683     0.17    3.37
 -40352.092    10.639    -0.15    3.31
 -40063.449    10.129    -1.77    3.43
 -39774.797     9.841    -1.00    3.42
 -39486.137     9.175    -2.31    3.38
 -39197.467     8.694    -1.67    3.26
 -38908.789     8.967     0.95    3.80
 -38620.101     8.683    -0.98    3.84
 -38331.404     8.508    -0.61    3.92
 -38042.699     8.127    -1.32    3.78
 -37753.984     7.950    -0.61    3.76
 -37465.260     7.645    -1.06    3.45
 -37176.527     7.062    -2.02    2.98
 -36887.785     6.617    -1.54    2.69
 -36599.034     6.410    -0.72    2.44
 -36310.275     5.846    -1.95    2.35
 -36021.506     5.710    -0.47    2.18
 -35732.728     5.328    -1.32    1.44
 -35443.940     5.067    -0.91    1.42
 -35155.144     5.067     0.00    1.49
 -34866.339     5.435     1.28    1.63
 -34577.525     5.651     0.75    1.85
 -34288.702     5.794     0.49    1.80
 -33999.869     6.290     1.72    1.84
 -33711.028     6.410     0.41    1.77
 -33422.178     6.475     0.23    1.78
 -33133.318     6.516     0.14    1.72
 -32844.449     6.565     0.17    1.52
 -32555.572     6.683     0.41    1.56
 -32266.685     6.820     0.47    1.60
 -31977.789     7.033     0.74    1.78
 -31688.885     7.250     0.75    1.97
 -31399.971     7.508     0.89    2.01
 -31111.048     7.750     0.84    1.96
 -30822.116     8.111     1.25    2.07
 -30533.174     7.984    -0.44    1.99
 -30244.224     8.050     0.23    2.13
 -29955.265     7.754    -1.02    2.11
 -29666.297     7.730    -0.08    2.50
 -29377.319     7.548    -0.63    2.41
 -29088.333     7.125    -1.47    2.01
 -28799.337     7.194     0.24    2.08
 -28510.332     7.164    -0.10    1.98
 -28221.318     7.450     0.99    2.12
 -27932.295     7.754     1.05    2.53
 -27643.263     8.048     1.02    2.77
 -27354.222     8.048     0.00    2.77
 -27065.172     8.246     0.69    2.89
 -26776.113     7.967    -0.96    2.96
 -26487.044     8.100     0.46    3.01
 -26197.967     7.885    -0.74    2.93
 -25908.880     8.523     2.21    3.91
 -25619.785     8.919     1.37    4.28
 -25330.680     9.246     1.13    4.48
 -25041.566     9.700     1.57    4.76
 -24752.443     9.767     0.23    4.71
 -24463.311    10.067     1.04    4.91
 -24174.169     9.079    -3.41    4.68
 -23885.019     8.349    -2.53    4.15
 -23595.859     7.841    -1.76    3.56
 -23306.691     7.525    -1.10    3.19
 -23017.513     7.233    -1.01    2.94
 -22728.326     6.951    -0.98    2.47
 -22439.130     6.952     0.00    1.86
 -22149.925     6.571    -1.31    1.68
 -21860.710     6.210    -1.25    1.65
 -21571.487     5.934    -0.95    1.73
 -21282.254     5.629    -1.06    1.84
 -20993.012     5.633     0.01    2.14
 -20703.762     5.557    -0.26    2.16
 -20414.502     5.369    -0.65    2.00
 -20125.232     5.383     0.05    2.03
 -19835.954     5.517     0.46    1.85
 -19546.667     5.823     1.06    1.81
 -19257.370     6.367     1.88    3.68
 -18968.064     8.607     7.74    7.53
 -18678.749    10.143     5.31    9.10
 -18389.425    11.903     6.08    9.98
 -18100.092    13.452     5.35   10.73
 -17810.750    14.915     5.06   11.32
 -17521.398    14.426    -1.69   11.61
 -17232.037    12.984    -4.98   10.51
 -16942.668    10.339    -9.14    7.08
 -16653.289     8.730    -5.56    4.82
 -16363.900     8.033    -2.41    3.64
 -16074.503     7.817    -0.75    3.37
 -15785.096     7.133    -2.36    2.91
 -15495.681     7.273     0.48    2.93
 -15206.256     7.574     1.04    2.73
 -14916.822     7.800     0.78    2.64
 -14627.378     7.393    -1.40    2.56
 -14337.926     7.700     1.06    2.75
 -14048.464     7.852     0.53    2.87
 -13758.993     8.154     1.04    2.82
 -13469.513     8.111    -0.15    2.91
 -13180.024     7.859    -0.87    2.78
 -12890.526     8.033     0.60    2.97
 -12601.018     7.117    -3.17    2.49
 -12311.502     6.803    -1.08    2.51
 -12021.976     6.317    -1.68    2.32
 -11732.440     6.078    -0.83    2.52
 -11442.896     5.903    -0.60    2.53
 -11153.342     5.475    -1.48    2.31
 -10863.780     5.017    -1.58    1.55
 -10574.208     4.806    -0.73    1.29
 -10284.626     4.645    -0.56    1.13
  -9995.036     4.587    -0.20    1.06
  -9705.436     4.689     0.35    1.32
  -9415.828     4.817     0.44    1.43
  -9126.210     4.935     0.41    1.74
  -8836.582     5.066     0.45    1.93
  -8546.946     5.367     1.04    2.19
  -8257.300     5.484     0.41    2.34
  -7967.645     5.918     1.50    2.53
  -7677.981     6.167     0.86    2.87
  -7388.308     6.210     0.15    2.99
  -7098.625     6.629     1.45    3.08
  -6808.933     6.968     1.17    3.14
  -6519.232     7.254     0.99    3.14
  -6229.522     7.500     0.85    3.34
  -5939.802     7.836     1.16    3.46
  -5650.073     8.133     1.03    3.42
  -5360.335     8.306     0.60    3.18
  -5070.588     8.746     1.52    3.24
  -4780.832     9.016     0.93    3.15
  -4491.066     9.492     1.64    3.09
  -4201.291    10.167     2.33    3.08
  -3911.507    10.333     0.58    3.13
  -3621.713     9.750    -2.01    3.23
  -3331.910     9.277    -1.63    3.12
  -3042.098     9.177    -0.34    3.11
  -2752.277     9.203     0.09    2.99
  -2462.447     8.855    -1.20    3.03
  -2172.607     8.650    -0.71    4.08
  -1882.758     8.656     0.02    4.61
  -1592.899     7.862    -2.74    5.61
  -1303.032     7.452    -1.41    6.16
  -1013.155     5.984    -5.06    6.39
   -723.269     4.867    -3.86    6.61
   -433.373     3.333    -5.29    6.09
   -143.470     2.000    -4.60    4.97
    144.454     0.556    -5.02    2.92
    432.387     0.619     0.22    1.98
    720.329     1.468     2.95    2.79
   1008.280     2.726     4.37    3.78
   1296.240     3.984     4.37    3.77
   1584.209     4.984     3.47    3.53
   1872.188     6.274     4.48    2.84
   2160.175     7.143     3.02    2.17
   2448.172     7.656     1.78    2.48
   2736.178     7.683     0.10    2.46
   3024.193     7.935     0.88    2.76
   3312.217     8.050     0.40    2.65
   3600.250     7.833    -0.75    2.40
   3888.293     7.906     0.25    2.25
   4176.345     8.133     0.79    2.44
   4464.405     8.629     1.72    3.27
   4752.475     8.710     0.28    3.30
   5040.555     9.050     1.18    3.33
   5328.643     8.952    -0.34    3.28
   5616.740     9.281     1.14    3.08
   5904.847     9.111    -0.59    2.81
   6192.963     8.742    -1.28    2.31
   6481.088     8.721    -0.07    2.10
   6769.222     8.754     0.11    2.29
   7057.365     8.571    -0.63    2.39
   7345.518     8.111    -1.60    2.18
   7633.680     7.656    -1.58    2.20
   7921.851     7.426    -0.80    1.94
   8210.031     7.367    -0.21    1.91
   8498.220     7.677     1.08    2.22
   8786.418     8.016     1.18    2.21
   9074.626     8.067     0.18    2.13
   9362.843     8.231     0.57    1.80
   9651.069     8.283     0.18    1.82
   9939.304     7.933    -1.21    1.48
  10227.549     7.645    -1.00    1.36
  10515.802     7.567    -0.27    1.36
  10804.065     7.820     0.88    1.43
  11092.337     7.841     0.07    1.44
  11380.618     7.968     0.44    1.38
  11668.909     8.242     0.95    1.46
  11957.209     8.300     0.20    1.61
  12245.517     8.525     0.78    1.46
  12533.836     8.597     0.25    1.50
  12822.163     8.937     1.18    1.52
  13110.499     9.349     1.43    1.50
  13398.845     9.774     1.47    1.75
  13687.200    10.333     1.94    2.08
  13975.564    11.000     2.31    2.34
  14263.938    11.312     1.08    2.47
  14552.320    11.452     0.48    2.36
  14840.712    11.646     0.67    2.44
  15129.113    11.694     0.16    2.50
  15417.524    11.583    -0.38    2.61
  15705.943    11.547    -0.13    2.59
  15994.372    11.565     0.06    2.61
  16282.810    11.629     0.22    2.48
  16571.257    11.750     0.42    2.30
  16859.714    11.967     0.75    2.48
  17148.179    11.850    -0.41    2.15
  17436.654    11.934     0.29    2.31
  17725.139    12.111     0.61    2.37
  18013.632    12.127     0.06    2.38
  18302.135    12.516     1.35    2.55
  18590.647    12.468    -0.17    2.42
  18879.168    12.443    -0.09    2.33
  19167.699    12.267    -0.61    2.22
  19456.238    12.371     0.36    1.99
  19744.787    11.952    -1.45    1.90
  20033.346    11.968     0.06    1.84
  20321.913    12.231     0.91    2.04
  20610.490    12.633     1.40    2.41
  20899.076    13.167     1.85    2.75
  21187.671    13.317     0.52    2.71
  21476.276    13.569     0.88    2.57
  21764.890    14.032     1.60    2.67
  22053.513    14.354     1.11    2.91
  22342.146    15.131     2.69    3.33
  22630.787    15.383     0.87    3.05
  22919.438    15.574     0.66    2.95
  23208.099    15.508    -0.23    2.92
  23496.768    15.286    -0.77    3.04
  23785.447    14.825    -1.59    3.07
  24074.135    13.790    -3.59    2.38
  24362.833    13.450    -1.18    1.92
  24651.539    13.197    -0.88    1.39
  24940.255    13.161    -0.12    1.43
  25228.981    13.254     0.32    1.36
  25517.715    13.429     0.60    1.36
  25806.459    13.629     0.69    1.51
  26095.212    13.754     0.43    1.52
  26383.975    13.867     0.39    1.42
  26672.747    13.951     0.29    1.44
  26961.528    14.281     1.14    1.37
  27250.318    14.557     0.96    1.30
  27539.118    14.823     0.92    1.39
  27827.927    15.355     1.84    2.07
  28116.745    15.733     1.31    1.96
  28405.573    16.016     0.98    1.91
  28694.410    16.297     0.97    1.92
  28983.256    16.403     0.37    2.16
  29272.112    16.839     1.51    2.58
  29560.977    17.311     1.64    2.65
  29849.851    17.833     1.81    2.87
  30138.735    17.869     0.12    2.27
  30427.628    18.250     1.32    2.23
  30716.530    18.524     0.95    2.07
  31005.442    19.206     2.36    2.47
  31294.363    19.639     1.50    2.51
  31583.293    19.919     0.97    2.32
  31872.233    19.855    -0.22    2.15
  32161.182    20.063     0.72    2.02
  32450.140    20.203     0.48    1.99
  32739.108    20.210     0.02    1.80
  33028.085    20.117    -0.32    1.60
  33317.071    20.581     1.61    1.71
  33606.067    20.887     1.06    1.65
  33895.072    21.283     1.37    1.60
  34184.086    21.547     0.91    1.51
  34473.110    21.902     1.23    1.73
  34762.143    22.533     2.19    2.10
  35051.186    22.812     0.97    2.13
  35340.237    23.180     1.27    2.22
  35629.299    23.650     1.62    2.48
  35918.369    24.032     1.32    2.92
  36207.449    24.557     1.82    2.96
  36496.538    24.984     1.47    3.06
  36785.637    25.532     1.90    3.70
  37074.745    26.290     2.62    3.77
  37363.863    26.726     1.51    3.72
  37652.989    27.048     1.11    3.53
  37942.126    27.145     0.34    3.42
  38231.271    27.492     1.20    3.34
  38520.426    27.767     0.95    3.17
  38809.590    28.148     1.32    3.02
  39098.764    28.349     0.70    3.16
  39387.947    28.952     2.09    3.03
  39677.140    29.397     1.54    2.85
  39966.342    29.800     1.39    2.65
  40255.553    30.183     1.33    2.60
  40544.774    30.650     1.61    2.40
  40834.004    31.369     2.49    2.39
  41123.243    32.113     2.57    2.15
  41412.492    32.754     2.22    2.37
  41701.750    33.377     2.15    2.30
  41991.018    34.233     2.96    2.75
  42280.295    34.623     1.35    2.95
  42569.582    35.182     1.93    2.97
  42858.878    35.317     0.47    2.83
  43148.183    35.492     0.60    3.00
  43437.498    35.450    -0.15    3.15
  43726.822    35.550     0.35    2.83
  44016.155    35.311    -0.82    2.13
  44305.498    35.210    -0.35    2.07
  44594.851    35.453     0.84    1.93
  44884.213    36.159     2.44    2.57
  45173.584    37.452     4.47    3.77
  45462.965    39.131     5.80    4.56
  45752.355    41.710     8.91    6.32
  46041.754    45.371    12.65    8.37
  46331.163    48.778    11.77    8.88
  46620.582    51.613     9.80    8.03
  46910.010    53.677     7.13    7.54
  47199.447    54.645     3.34    7.29
  47488.894    55.500     2.95    7.02
  47778.350    55.279    -0.76    6.29
  48067.816    56.323     3.61    6.92
  48357.291    58.100     6.14    7.74
  48646.775    60.754     9.17    8.13
  48936.269    64.048    11.38    8.37
  49225.773    67.183    10.83    7.98
  49515.286    71.393    14.54    7.59
  49804.808    74.032     9.11    7.70
  50094.340    76.452     8.36    7.86
  50383.881    79.302     9.84    7.49
  50673.432    80.967     5.75    9.11
  50962.992    80.371    -2.06   10.76
  51252.562    78.290    -7.19   11.98
  51542.141    75.750    -8.77   12.21
  51831.729    73.984    -6.10   11.97
  52121.327    71.694    -7.91   10.66
  52410.935    70.933    -2.63    8.43
  52700.552    70.633    -1.04    6.16
  52990.179    72.141     5.20    5.77
  53279.815    73.603     5.05    5.39
  53569.460    75.108     5.19    5.43
  53859.115    75.814     2.44    5.43
  54148.779    75.633    -0.62    5.44
  54438.453    74.426    -4.17    4.78
  54728.137    73.138    -4.45    4.88
  55017.830    72.129    -3.48    4.07
  55307.532    71.831    -1.03    3.97
  55597.244    71.164    -2.30    3.46
  55886.965    71.100    -0.22    3.52
  56176.696    71.082    -0.06    3.64
  56466.437    70.508    -1.98    4.13
  56756.187    70.810     1.04    4.10
  57045.946    71.063     0.88    4.09
  57335.715    71.639     1.99    4.42
  57625.493    71.933     1.01    4.43
  57915.281    72.311     1.30    4.31
  58205.079    72.871     1.93    4.23
  58494.886    73.734     2.98    4.26
  58784.702    74.435     2.42    4.24
  59074.528    75.323     3.06    4.38
  59364.364    76.361     3.58    4.70
  59654.209    78.081     5.93    5.11
  59944.063    79.581     5.18    4.81
  60233.928    80.810     4.24    4.58
  60523.801    81.475     2.30    3.80
  60813.684    82.000     1.81    3.76
  61103.577    82.629     2.17    3.79
  61393.479    82.950     1.11    3.69
  61683.391    84.633     5.81    5.26
  61973.312    87.385     9.49    8.12
  62261.927    90.295    10.08    9.23
  62549.820    93.283    10.38    8.84
  62837.722    94.855     5.46    8.65
  63125.634    95.467     2.13    7.58
  63413.555    96.475     3.50    6.63
  63701.485    97.381     3.15    5.18
  63989.425    98.905     5.29    6.08
  64277.374   101.048     7.44    7.12
  64565.333   103.283     7.76    7.82
  64853.301   105.145     6.47    8.23
  65141.279   107.177     7.06    8.59
  65429.266   107.476     1.04    8.50
  65717.262   107.079    -1.38    8.58
  66005.268   106.984    -0.33    8.27
  66293.283   106.377    -2.11    7.35
  66581.308   106.361    -0.06    6.43
  66869.342   107.873     5.25    6.82
  67157.385   109.286     4.90    7.58
  67445.438   110.476     4.13    7.18
  67733.500   111.311     2.90    6.17
  68021.572   112.250     3.26    5.64
  68309.653   112.339     0.31    5.95
  68597.744   111.267    -3.72    6.91
  68885.844   109.617    -5.73    7.89
  69173.953   108.415    -4.17    7.91
  69462.072   106.590    -6.34    8.20
  69750.200   102.885   -12.86    7.49
  70038.338   101.032    -6.43    6.28
  70326.485    99.817    -4.22    6.03
  70614.642    97.639    -7.56    6.61
  70902.808    96.016    -5.63    6.85
  71190.983    94.111    -6.61    6.30
  71479.168    92.444    -5.78    5.87
  71767.363    91.217    -4.26    5.40
  72055.566    91.290     0.26    6.00
  72343.780    91.516     0.78    6.57
  72632.003    92.857     4.65    7.61
  72920.235    93.127     0.94    7.57
  73208.476    93.903     2.69    6.84
  73496.728    93.656    -0.86    6.46
  73784.988    92.557    -3.81    6.73
  74073.258    91.206    -4.69    6.21
  74361.538    91.508     1.05    5.78
  74649.827    91.111    -1.38    5.97
  74938.125    90.557    -1.92    5.63
  75226.433    88.833    -5.98    5.12
  75514.751    88.774    -0.21    5.45
  75803.078    88.311    -1.60    5.87
  76091.414    89.867     5.39    9.13
  76379.760    92.785    10.12   12.39
  76668.115    94.902     7.34   13.77
  76956.480    94.574    -1.14   14.12
  77244.854    94.081    -1.71   14.27
  77533.238    93.783    -1.03   13.73
  77821.632    93.574    -0.73   13.52
  78110.034    93.540    -0.12   12.72
  78398.447    93.175    -1.27   11.71
  78686.868    94.016     2.92   11.91
  78975.300    97.049    10.52   11.88
  79263.741    99.887     9.84   12.18
  79552.191   100.194     1.06   12.30
  79840.651    98.270    -6.67   12.81
  80129.120    95.921    -8.14   13.13
  80417.599    94.095    -6.33   12.94
  80706.087    91.383    -9.40   11.41
  80994.585    89.617    -6.12    9.64
  81283.092    89.603    -0.05    7.72
  81571.609    92.825    11.17   10.17
  81860.135    98.125    18.37   14.14
  82148.671   104.623    22.52   19.14
  82437.217   112.950    28.86   20.80
  82725.772   119.129    21.41   19.99
  83014.336   122.548    11.85   17.47
  83302.910   124.918     8.21   14.58
  83591.494   122.846    -7.18   14.19
  83880.087   120.689    -7.48   15.21
  84168.689   116.067   -16.02   13.87
  84457.301   114.242    -6.32   12.94
  84745.923   114.839     2.07   12.77
  85034.554   115.721     3.06   13.58
  85323.195   115.873     0.53   13.68
  85611.845   118.032     7.48   12.79
  85900.505   120.161     7.38   13.08
  86189.174   120.274     0.39   12.96
  86477.853   118.823    -5.03   12.53
  86766.542   121.129     7.99   15.79
  87055.240   124.750    12.54   17.16
  87343.947   126.524     6.14   17.52
  87632.664   129.161     9.14   24.16
  87921.391   127.933    -4.25   25.68
  88210.127   125.066    -9.93   26.61
  88498.873   123.032    -7.04   24.59
  88787.628   122.742    -1.00   24.24
  89076.393   123.656     3.17   24.10
  89365.168   127.066    11.81   24.10
  89653.952   131.450    15.18   24.59
  89942.745   135.574    14.28   25.27
  90231.549   143.565    27.67   26.35
  90520.361   152.194    29.88   25.49
  90809.184   161.203    31.20   26.54
  91098.016   167.778    22.76   23.13
  91386.857   170.383     9.02   23.43
  91675.708   167.828    -8.85   23.05
  91964.569   170.145     8.02   25.56
  92253.439   173.145    10.39   28.10
  92542.319   178.547    18.70   32.82
  92831.209   184.574    20.86   33.87
  93120.108   190.167    19.36   31.59
  93409.016   196.967    23.54   29.00
  93697.934   207.111    35.11   31.58
  93986.862   224.524    60.27   41.11
  94275.800   237.781    45.89   41.75
  94564.747   243.274    19.01   41.07
  94853.703   249.726    22.33   37.56
  95142.670   256.328    22.85   33.98
  95431.645   255.613    -2.47   32.65
  95720.631   251.397   -14.59   30.78
  96009.626   244.746   -23.01   22.76
  96298.631   242.694    -7.10   19.41
  96587.645   243.000     1.06   20.65
  96876.669   245.883     9.98   21.08
  97165.702   246.067     0.63   20.55
  97454.745   248.246     7.54   21.22
  97743.798   246.508    -6.01   19.12
  98032.861   248.091     5.48   18.78
  98321.933   255.295    24.92   19.73
  98611.014   269.333    48.56   30.94
  98900.106   283.935    50.51   35.23
  99189.207   296.092    42.05   34.17
  99478.317   305.161    31.37   33.07
  99767.437   310.288    17.73   28.86
 100056.567   313.633    11.57   27.32
 100345.707   303.467   -35.16   30.59
 100634.856   291.705   -40.68   31.31
 100924.014   275.585   -55.75   32.27
 101213.183   262.651   -44.73   26.15
 101502.361   252.286   -35.85   19.65
 101791.549   248.935   -11.59   18.11
 102080.746   248.800    -0.47   17.86
 102369.953   248.869     0.24   18.23
 102659.170   250.500     5.64   16.33
 102948.396   250.125    -1.30   14.74
 103237.632   252.000     6.48   14.70
 103526.877   253.677     5.80   13.79
 103816.133   256.082     8.31   13.22
 104105.398   258.279     7.59   14.51
 104394.672   261.097     9.74   14.97
 104683.957   263.603     8.66   14.86
 104973.251   267.159    12.29   14.67
 105262.554   272.339    17.91   15.75
 105551.868   279.871    26.04   17.54
 105841.191   286.250    22.05   17.30
 106130.523   292.484    21.55   16.10
 106419.866   294.609     7.35   15.11
 106709.218   297.100     8.61   13.40
 106998.579   298.820     5.94   13.92
 107287.951   302.359    12.23   17.96
 107577.332   305.983    12.52   20.65
 107866.723   314.258    28.60   24.98
 108156.123   322.984    30.16   25.49
 108445.533   329.968    24.13   23.06
 108734.953   331.159     4.12   23.33
 109024.383   327.934   -11.14   28.00
 109313.822   319.733   -28.34   32.95
 109603.271   308.306   -39.48   36.23
 109892.730   298.391   -34.26   32.96
 110182.198   289.683   -30.09   27.73
 110471.676   279.571   -34.93   24.73
 110761.164   272.967   -22.81   18.47
 111050.662   271.032    -6.68   15.78
 111340.169   272.683     5.70   17.04
 111629.686   275.905    11.13   16.45
 111919.213   279.078    10.96   17.70
 112208.749   286.177    24.52   19.76
 112498.295   296.383    35.25   21.28
 112787.851   301.934    19.17   21.09
 113077.416   302.730     2.75   21.80
 113366.992   301.048    -5.81   23.50
 113656.577   298.954    -7.23   25.46
 113946.172   293.823   -17.72   26.84
 114235.776   284.383   -32.60   22.59
 114525.390   279.641   -16.38   17.51
 114815.014   276.919    -9.40   15.00
 115104.648   279.833    10.06   18.04
 115394.291   288.203    28.90   23.94
 115683.945   300.161    41.29   28.20
 115973.607   313.183    44.96   29.42
 116263.280   322.065    30.66   30.20
 116552.963   330.597    29.46   33.19
 116842.655   338.661    27.84   40.34
 117132.357   349.453    37.25   42.88
 117422.068   356.968    25.94   44.04
 117711.790   376.900    68.80   43.86
 118001.521   389.082    42.05   43.79
 118291.262   404.097    51.83   40.96
 118581.013   420.222    55.66   36.90
 118870.773   437.175    58.51   33.65
 119160.544   446.730    32.98   24.42
 119450.324   454.672    27.41   21.10
 119740.113   454.726     0.19   19.84
 120029.913   456.871     7.40   18.94
 120319.722   451.250   -19.40   21.90
 120609.541   445.762   -18.94   22.81
 120899.370   441.062   -16.22   23.98
 121189.209   437.230   -13.23   23.79
 121479.058   431.717   -19.02   24.60
 121768.916   427.689   -13.90   26.54
 122058.784   428.938     4.31   28.29
 122348.662   431.921    10.29   27.07
 122638.549   429.226    -9.30   25.24
 122928.447   423.438   -19.97   25.30
 123218.354   418.950   -15.48   27.81
 123508.271   411.484   -25.75   27.82
 123798.198   406.719   -16.44   26.49
 124088.134   406.484    -0.81   26.20
 124377.491   415.129    29.88   30.48
 124665.342   422.426    25.35   32.13
 124953.201   433.533    38.59   29.03
 125241.071   437.770    14.72   22.15
 125528.950   438.969     4.16   22.79
 125816.838   438.387    -2.02   24.14
 126104.737   437.297    -3.79   27.56
 126392.645   436.115    -4.11   27.95
 126680.562   441.200    17.66   28.75
 126968.490   445.623    15.36   26.59
 127256.427   448.113     8.65   24.57
 127544.373   445.406    -9.40   25.90
 127832.330   438.587   -23.68   28.40
 128120.296   428.855   -33.80   29.07
 128408.271   421.803   -24.49   27.72
 128696.257   416.194   -19.48   25.14
 128984.252   417.919     5.99   26.00
 129272.256   421.938    13.95   27.34
 129560.271   432.206    35.66   32.01
 129848.295   441.476    32.19   31.66
 130136.328   450.590    31.64   29.40
 130424.372   459.450    30.76   27.09
 130712.425   469.508    34.92   26.98
 131000.488   478.015    29.53   26.12
 131288.560   486.810    30.53   25.86
 131576.642   494.600    27.04   28.25
 131864.734   502.371    26.98   28.54
 132152.835   505.633    11.32   25.94
 132440.947   504.613    -3.54   25.90
 132729.068   502.197    -8.39   26.91
 133017.198   497.188   -17.39   29.07
 133305.338   489.909   -25.26   32.81
 133593.489   477.500   -43.07   34.29
 133881.648   463.833   -47.43   31.38
 134169.818   452.443   -39.53   30.86
 134457.997   439.422   -45.19   32.28
 134746.186   426.790   -43.83   29.91
 135034.384   416.891   -34.35   26.53
 135322.592   408.317   -29.75   23.96
 135610.810   401.583   -23.37   22.20
 135899.038   396.033   -19.26   21.53
 136187.276   389.857   -21.43   24.50
 136475.523   385.571   -14.87   23.82
 136763.780   379.429   -21.31   25.47
 137052.046   372.254   -24.89   24.48
 137340.323   368.295   -13.73   23.59
 137628.609   364.133   -14.44   25.01
 137916.904   360.565   -12.38   25.24
 138205.210   359.266    -4.51   26.81
 138493.525   358.968    -1.03   28.73
 138781.850   356.308    -9.23   29.07
 139070.185   350.148   -21.37   28.25
 139358.530   343.933   -21.55   28.51
 139646.884   338.717   -18.09   26.85
 139935.248   332.894   -20.19   25.51
 140223.621   326.603   -21.82   24.73
 140512.005   318.379   -28.52   25.67
 140800.398   310.065   -28.83   29.78
 141088.801   299.167   -37.79   35.79
 141377.214   288.921   -35.53   34.68
 141665.636   282.625   -21.83   30.41
 141954.069   279.625   -10.40   28.14
 142242.511   274.815   -16.68   24.63
 142530.962   272.459    -8.17   21.69
 142819.424   274.167     5.92   18.36
 143107.895   275.721     5.39   16.99
 143396.376   274.238    -5.14   16.53
 143684.867   273.365    -3.03   14.71
 143973.368   269.234   -14.32   13.98
 144261.878   268.371    -2.99   14.99
 144550.399   262.129   -21.64   18.32
 144838.928   253.656   -29.37   21.89
 145127.468   245.194   -29.33   21.35
 145416.018   235.317   -34.23   22.86
 145704.577   226.469   -30.67   22.11
 145993.146   219.484   -24.21   19.85
 146281.725   214.820   -16.16   18.69
 146570.314   212.717    -7.29   17.37
 146858.912   209.885    -9.81   16.86
 147147.521   206.841   -10.55   16.22
 147436.139   203.810   -10.51   15.19
 147724.766   200.875   -10.17   14.84
 148013.404   195.583   -18.33   13.13
 148302.052   193.700    -6.53   10.95
 148590.709   191.918    -6.17   10.86
 148879.376   191.091    -2.87   11.67
 149168.053   191.484     1.36   12.03
 149456.740   190.848    -2.20   11.70
 149745.436   190.125    -2.51   12.38
 150034.142   189.200    -3.20   12.56
 150322.859   186.812    -8.27   12.08
 150611.584   184.905    -6.61   11.44
 150900.320   181.857   -10.56   11.29
 151189.066   177.846   -13.89   10.75
 151477.821   174.823   -10.47   10.53
 151766.587   171.517   -11.45    9.65
 152055.362   168.607   -10.08    9.55
 152344.147   164.492   -14.25    8.40
 152632.941   161.397   -10.72    7.21
 152921.746   158.781    -9.06    5.80
 153210.560   158.016    -2.65    5.33
 153499.385   157.689    -1.13    5.71
 153788.219   157.194    -1.71    5.84
 154077.063   158.254     3.67    7.03
 154365.916   159.556     4.51    8.21
 154654.780   161.531     6.84    9.04
 154943.654   162.613     3.74    9.29
 155232.537   164.377     6.11    9.60
 155521.430   164.983     2.10    8.73
 155810.333   166.226     4.30    7.49
 156099.246   165.778    -1.55    7.27
 156388.169   164.381    -4.84    7.20
 156677.101   162.234    -7.43    7.51
 156966.044   161.148    -3.76    7.87
 157254.996   159.633    -5.24    7.83
 157543.958   158.033    -5.54    8.02
 157832.930   156.530    -5.20    7.75
 158121.912   154.656    -6.49    7.91
 158410.904   153.333    -4.58    7.53
 158699.906   152.262    -3.71    8.13
 158988.917   149.717    -8.81    8.41
 159277.939   147.452    -7.84    8.60
 159566.970   145.077    -8.22    8.38
 159856.011   142.758    -8.02    7.98
 160145.062   140.742    -6.97    7.46
 160434.123   138.143    -8.99    6.93
 160723.194   136.017    -7.36    6.74
 161012.275   134.016    -6.92    6.22
 161301.366   133.156    -2.97    5.61
 161590.466   133.468     1.08    5.98
 161879.576   135.969     8.65    7.16
 162168.697   136.871     3.12    7.08
 162457.827   139.217     8.11    7.40
 162746.967   141.082     6.45    7.31
 163036.117   142.594     5.23    6.86
 163325.277   144.381     6.18    6.73
 163614.447   144.609     0.79    7.13
 163903.627   145.210     2.08    7.78
 164192.816   144.081    -3.90    8.81
 164482.016   145.065     3.40    9.02
 164771.225   145.206     0.49    8.78
 165060.445   146.000     2.74    8.60
 165349.674   146.286     0.99    7.58
 165638.913   146.508     0.77    6.97
 165928.162   147.492     3.40    5.99
 166217.422   147.467    -0.09    6.04
 166506.691   146.279    -4.11    6.25
 166795.970   145.016    -4.37    6.11
 167085.258   142.419    -8.98    6.39
 167374.557   140.672    -6.04    6.75
 167663.866   137.525   -10.88    7.87
 167953.185   135.350    -7.52    8.41
 168242.513   133.661    -5.84    8.43
 168531.852   132.062    -5.53    8.00
 168821.200   131.190    -3.01    7.93
 169110.559   130.292    -3.10    7.70
 169399.927   129.774    -1.79    7.18
 169689.305   129.617    -0.54    7.07
 169978.694   128.726    -3.08    6.25
 170268.092   129.348     2.15    6.37
 170557.500   131.438     7.22    7.59
 170846.918   133.591     7.44    7.99
 171136.346   136.661    10.61    8.04
 171425.785   138.917     7.79    6.62
 171715.233   140.213     4.48    6.01
 172004.691   139.077    -3.93    7.37
 172294.159   137.143    -6.68    8.05
 172583.636   133.953   -11.02    7.78
 172873.124   132.393    -5.39    7.44
 173162.622   130.767    -5.62    6.79
 173452.130   130.885     0.41    6.41
 173741.648   131.698     2.81    6.95
 174031.176   132.862     4.02    7.08
 174320.714   134.175     4.54    7.12
 174610.261   136.164     6.87    6.72
 174899.819   137.885     5.95    6.37
 175189.387   138.419     1.84    6.88
 175478.965   138.629     0.72    7.78
 175768.552   137.889    -2.56    7.78
 176058.150   137.710    -0.62    7.26
 176347.758   136.952    -2.62    6.62
 176637.375   136.194    -2.62    5.54
 176927.003   135.590    -2.08    5.23
 177216.641   136.806     4.20    6.29
 177506.288   137.683     3.03    6.53
 177795.946   138.435     2.60    7.00
 178085.614   139.694     4.34    7.23
 178375.292   139.661    -0.11    7.00
 178664.979   138.350    -4.53    6.99
 178954.677   135.919    -8.39    6.75
 179244.385   135.615    -1.05    6.49
 179534.103   134.311    -4.50    4.84
 179823.830   134.344     0.11    4.56
 180113.568   135.797     5.01    5.54
 180403.316   137.433     5.65    6.52
 180693.074   139.548     7.30    6.99
 180982.842   141.831     7.88    7.30
 181272.620   144.475     9.13    7.38
 181562.408   146.758     7.88    7.86
 181852.206   149.274     8.68    8.11
 182142.014   151.783     8.66    7.46
 182431.832   153.532     6.04    6.91
 182721.660   156.603    10.60    6.06
 183011.498   158.825     7.67    6.15
 183301.346   159.952     3.89    6.22
 183591.204   161.000     3.61    5.49
 183881.073   161.387     1.34    5.53
 184170.951   160.806    -2.00    6.82
 184460.839   161.219     1.42    8.20
 184750.738   160.413    -2.78    8.40
 185040.646   158.887    -5.26    8.02
 185330.565   158.258    -2.17    8.01
 185620.493   157.016    -4.28    8.01
 185910.432   156.903    -0.39    8.29
 186200.381   156.190    -2.46    9.07
 186490.340   155.444    -2.57    9.46
 186778.348   153.871    -5.46   10.80
 187066.170   152.567    -4.53   11.19
 187354.002   149.629   -10.21   12.43
 187641.844   147.825    -6.27   12.11
 187929.696   144.413   -11.86   12.11
 188217.558   141.375   -10.55   11.43
 188505.430   137.145   -14.70   10.22
 188793.312   134.700    -8.49    9.36
 189081.203   131.710   -10.39    7.62
 189369.105   129.500    -7.68    5.61
 189657.016   127.806    -5.88    3.60
 189944.937   128.123     1.10    3.82
 190232.868   127.952    -0.60    3.56
 190520.810   128.525     1.99    3.99
 190808.761   128.797     0.95    4.04
 191096.722   128.867     0.24    3.64
 191384.693   129.403     1.86    3.38
 191672.673   130.938     5.33    4.61
 191960.664   132.557     5.62    5.70
 192248.665   135.645    10.72    7.84
 192536.676   138.952    11.48    9.09
 192824.696   142.883    13.65   10.34
 193112.727   147.393    15.66   11.15
 193400.767   151.031    12.63   10.35
 193688.818   152.871     6.39    9.36
 193976.878   153.766     3.11    8.09
 194264.948   155.081     4.57    7.80
 194553.029   156.283     4.18    8.89
 194841.119   158.525     7.78   10.67
 195129.219   162.270    13.00   14.09
 195417.329   166.985    16.37   17.37
 195705.449   174.571    26.34   21.67
 195993.579   182.525    27.61   23.80
 196281.719   192.295    33.91   25.59
 196569.869   197.242    17.17   25.01
 196858.029   206.323    31.52   24.23
 197146.199   215.188    30.77   24.97
 197434.379   223.698    29.54   21.86
 197722.569   229.984    21.81   20.31
 198010.769   234.065    14.16   18.00
 198298.979   236.017     6.77   18.24
 198587.198   238.758     9.51   20.54
 198875.428   238.547    -0.73   21.08
 199163.668   239.921     4.77   20.51
 199451.918   244.844    17.08   21.37
 199740.177   250.033    18.00   20.50
 200028.447   253.700    12.72   19.76
 200316.727   254.267     1.97   20.46
 200605.016   255.682     4.91   25.72
 200893.316   256.297     2.13   28.72
 201181.626   257.152     2.96   32.19
 201469.945   257.194     0.15   33.71
 201758.275   254.550    -9.17   34.78
 202046.615   254.758     0.72   33.39
 202334.964   255.800     3.61   30.14
 202623.324   252.742   -10.61   27.96
 202911.694   255.848    10.77   26.13
 203200.074   256.844     3.45   25.69
 203488.463   261.817    17.25   24.06
 203776.863   265.129    11.49   24.64
 204065.273   267.778     9.19   23.89
 204353.692   270.302     8.75   23.78
 204642.122   273.523    11.17   21.96
 204930.562   276.419    10.04   21.24
 205219.012   278.100     5.83   19.95
 205507.472   280.967     9.94   19.07
 205795.942   278.810    -7.48   19.79
 206084.422   278.857     0.17   19.82
 206372.911   282.484    12.57   22.74
 206661.411   290.290    27.06   27.96
 206949.921   301.371    38.41   34.83
 207238.442   311.429    34.86   39.31
 207526.972   324.452    45.14   40.38
 207815.512   334.387    34.44   42.44
 208104.062   346.746    42.84   44.59
 208392.622   348.889     7.43   46.10
 208681.192   357.097    28.45   46.96
 208969.773   360.550    11.97   46.69
 209258.363   372.656    41.95   44.69
 209546.963   377.000    15.05   41.75
 209835.574   381.905    17.00   37.92
 210124.194   383.875     6.83   31.52
 210412.825   389.161    18.32   24.02
 210701.466   389.855     2.40   23.12
 210990.116   387.894    -6.79   26.73
 211278.777   384.949   -10.20   30.86
