-130225.398    76.908     0.00    2.75
-129937.011    76.433    -1.65    2.38
-129648.636    75.869    -1.95    2.31
-129360.272    75.393    -1.65    2.40
-129071.920    74.853    -1.87    2.37
-128783.579    75.082     0.79    2.46
-128495.249    75.058    -0.08    2.56
-128206.931    75.139     0.28    2.56
-127918.625    74.599    -1.87    2.89
-127630.330    74.202    -1.38    3.18
-127342.047    73.859    -1.19    3.37
-127053.775    73.036    -2.85    3.23
-126765.515    71.950    -3.77    2.91
-126477.266    71.192    -2.63    2.66
-126189.028    70.567    -2.17    2.69
-125900.803    70.192    -1.30    2.61
-125612.588    69.687    -1.75    2.44
-125324.385    69.551    -0.47    2.39
-125036.194    69.383    -0.58    2.49
-124748.014    69.285    -0.34    2.55
-124459.845    69.686     1.39    2.64
-124171.688    70.129     1.54    2.98
-123883.543    70.537     1.42    3.08
-123595.409    70.879     1.19    2.93
-123307.286    70.785    -0.33    2.95
-123019.175    70.073    -2.47    3.11
-122731.075    69.212    -2.99    3.35
-122442.987    67.858    -4.70    3.51
-122154.910    66.971    -3.08    3.81
-121866.845    65.973    -3.46    3.97
-121578.791    64.504    -5.10    3.65
-121290.749    63.612    -3.10    3.35
-121002.718    62.843    -2.67    2.81
-120714.698    62.363    -1.66    2.66
-120426.690    62.218    -0.50    2.52
-120138.693    61.643    -2.00    2.60
-119850.708    61.275    -1.28    2.67
-119562.735    61.150    -0.43    2.78
-119274.772    60.673    -1.66    2.74
-118986.821    59.935    -2.56    2.88
-118698.882    59.368    -1.97    2.74
-118410.954    58.488    -3.05    2.73
-118123.037    58.020    -1.63    2.84
-117835.132    57.171    -2.95    2.72
-117547.239    56.551    -2.15    2.38
-117259.356    55.598    -3.31    2.17
-116971.485    54.879    -2.50    2.12
-116683.626    54.301    -2.01    2.13
-116395.778    54.091    -0.73    2.09
-116107.941    53.583    -1.76    1.91
-115820.116    53.234    -1.21    1.81
-115532.302    52.704    -1.84    2.11
-115244.500    52.458    -0.86    2.18
-114956.709    51.904    -1.92    2.42
-114668.929    51.282    -2.16    2.13
-114381.161    50.635    -2.25    1.97
-114093.404    50.395    -0.84    1.86
-113805.659    50.234    -0.56    1.61
-113517.925    49.801    -1.51    1.38
-113230.202    49.837     0.13    1.77
-112942.491    50.035     0.69    2.15
-112654.791    49.843    -0.67    2.28
-112367.102    49.863     0.07    2.50
-112079.425    49.778    -0.30    2.75
-111791.759    49.858     0.28    2.85
-111504.105    49.473    -1.34    2.69
-111216.462    49.289    -0.64    2.77
-110928.830    49.426     0.48    2.81
-110641.210    49.535     0.38    2.88
-110353.601    49.037    -1.73    2.81
-110066.004    48.738    -1.04    2.68
-109778.418    47.937    -2.79    2.10
-109490.843    47.504    -1.51    1.81
-109203.280    47.250    -0.88    1.93
-108915.727    47.012    -0.83    1.87
-108628.187    47.237     0.78    2.36
-108340.657    47.166    -0.25    2.27
-108050.971    47.150    -0.05    2.40
-107760.985    47.004    -0.50    2.44
-107471.011    47.273     0.93    2.50
-107181.048    47.091    -0.63    2.52
-106891.097    46.730    -1.25    2.32
-106601.158    46.379    -1.21    2.00
-106311.230    46.218    -0.55    1.98
-106021.314    45.817    -1.39    2.11
-105731.409    45.443    -1.29    2.18
-105441.516    44.988    -1.57    1.93
-105151.635    44.956    -0.11    2.45
-104861.765    44.488    -1.61    3.00
-104571.906    44.028    -1.59    3.29
-104282.059    43.393    -2.19    3.68
-103992.224    42.895    -1.72    3.89
-103702.400    42.329    -1.95    3.74
-103412.588    41.746    -2.01    3.53
-103122.787    41.343    -1.39    3.17
-102832.998    41.198    -0.50    3.14
-102543.220    40.723    -1.64    2.46
-102253.454    40.519    -0.70    2.20
-101963.699    40.381    -0.48    1.91
-101673.956    40.901     1.79    2.37
-101384.224    41.602     2.42    2.60
-101094.504    41.806     0.70    2.47
-100804.796    42.254     1.55    2.70
-100515.099    42.285     0.11    2.75
-100225.413    42.335     0.17    2.86
 -99935.739    42.658     1.12    2.82
 -99646.077    42.854     0.68    2.77
 -99356.426    42.612    -0.84    2.40
 -99066.786    42.676     0.22    2.39
 -98777.158    42.519    -0.54    2.36
 -98487.542    42.566     0.16    2.27
 -98197.937    42.443    -0.43    2.10
 -97908.343    42.354    -0.31    1.85
 -97618.761    42.301    -0.18    1.90
 -97329.191    42.329     0.10    1.99
 -97039.632    42.110    -0.76    1.90
 -96750.084    41.735    -1.30    1.88
 -96460.548    41.581    -0.53    2.14
 -96171.024    41.439    -0.49    2.28
 -95881.511    41.129    -1.07    2.26
 -95592.009    40.734    -1.37    2.29
 -95302.519    40.285    -1.55    2.10
 -95013.040    40.073    -0.73    2.07
 -94723.573    39.551    -1.80    2.18
 -94434.118    39.488    -0.22    2.32
 -94144.673    39.719     0.80    2.55
 -93855.241    39.617    -0.35    2.48
 -93565.819    39.726     0.38    2.41
 -93276.410    39.581    -0.50    2.50
 -92987.011    39.613     0.11    2.46
 -92697.624    39.379    -0.81    2.52
 -92408.249    38.742    -2.20    1.97
 -92118.885    38.665    -0.27    1.90
 -91829.532    38.536    -0.45    1.79
 -91540.191    38.643     0.37    1.96
 -91250.862    38.473    -0.59    1.80
 -90961.543    38.410    -0.22    1.95
 -90672.237    37.923    -1.68    1.91
 -90382.941    37.774    -0.52    1.96
 -90093.657    37.488    -0.99    1.89
 -89804.385    37.230    -0.89    2.00
 -89515.124    36.785    -1.54    1.76
 -89225.874    36.663    -0.42    1.58
 -88936.636    36.536    -0.44    1.72
 -88647.409    36.425    -0.38    1.70
 -88358.194    36.440     0.05    1.72
 -88068.990    36.536     0.33    1.69
 -87779.798    36.412    -0.43    1.77
 -87490.617    36.067    -1.19    1.80
 -87201.447    35.964    -0.35    2.05
 -86912.289    35.832    -0.46    2.14
 -86623.142    35.668    -0.57    2.46
 -86334.006    35.754     0.30    2.49
 -86044.882    35.396    -1.24    2.26
 -85755.770    35.412     0.05    2.23
 -85466.669    35.319    -0.32    2.22
 -85177.579    35.223    -0.33    2.19
 -84888.500    34.754    -1.62    2.10
 -84599.433    34.488    -0.92    1.90
 -84310.378    34.095    -1.36    1.66
 -84021.334    33.827    -0.93    1.77
 -83732.301    33.832     0.02    1.66
 -83443.279    33.665    -0.58    1.79
 -83154.269    33.554    -0.39    1.81
 -82865.271    33.645     0.31    1.84
 -82576.283    33.458    -0.65    1.82
 -82287.307    33.443    -0.05    1.80
 -81998.343    33.534     0.31    1.97
 -81709.390    33.412    -0.42    2.03
 -81420.448    33.137    -0.95    2.03
 -81131.517    32.942    -0.68    2.08
 -80842.598    32.837    -0.36    2.08
 -80553.690    32.910     0.25    2.05
 -80264.794    32.535    -1.30    2.05
 -79975.909    32.004    -1.84    1.76
 -79687.035    31.569    -1.51    2.00
 -79398.173    31.317    -0.87    1.91
 -79109.322    31.504     0.65    2.09
 -78820.483    31.980     1.65    2.55
 -78531.654    32.150     0.59    2.46
 -78242.838    32.301     0.52    2.40
 -77954.032    32.409     0.37    2.37
 -77665.238    32.289    -0.42    2.50
 -77376.455    32.085    -0.71    2.55
 -77087.683    31.949    -0.47    2.53
 -76798.923    31.443    -1.75    2.20
 -76510.174    31.504     0.21    2.19
 -76221.437    31.379    -0.43    2.17
 -75932.711    31.234    -0.50    1.99
 -75643.996    31.149    -0.29    1.99
 -75355.292    30.742    -1.41    1.90
 -75066.600    30.567    -0.61    1.86
 -74777.919    30.473    -0.32    1.79
 -74489.250    30.234    -0.83    1.49
 -74200.591    30.171    -0.22    1.41
 -73911.944    30.076    -0.33    1.32
 -73623.309    30.069    -0.02    1.28
 -73334.684    29.778    -1.01    1.69
 -73046.071    29.363    -1.44    1.89
 -72757.470    28.917    -1.55    2.19
 -72468.879    28.645    -0.94    2.33
 -72180.300    28.345    -1.04    2.40
 -71891.732    28.069    -0.96    2.45
 -71603.176    27.988    -0.28    2.37
 -71314.630    27.689    -1.04    2.46
 -71026.096    27.580    -0.38    2.51
 -70737.574    27.550    -0.11    2.40
 -70449.062    27.171    -1.31    2.02
 -70160.562    27.304     0.46    2.09
 -69872.073    27.082    -0.77    2.24
 -69583.596    26.966    -0.40    2.46
 -69295.130    26.873    -0.32    2.41
 -69006.675    26.550    -1.12    2.54
 -68718.231    26.212    -1.17    2.62
 -68429.799    25.771    -1.53    2.20
 -68141.377    25.645    -0.44    2.25
 -67852.968    25.949     1.05    2.22
 -67564.569    25.957     0.03    2.09
 -67276.182    26.012     0.19    2.02
 -66987.805    25.843    -0.59    2.15
 -66699.441    25.654    -0.65    2.32
 -66411.087    25.332    -1.12    2.31
 -66122.745    24.987    -1.20    2.30
 -65834.414    24.332    -2.27    2.35
 -65546.094    23.981    -1.22    2.04
 -65257.785    23.926    -0.19    2.17
 -64969.488    23.317    -2.11    1.97
 -64681.202    22.988    -1.14    1.61
 -64392.927    23.071     0.29    1.84
 -64104.663    23.366     1.02    2.47
 -63816.411    23.474     0.38    2.44
 -63528.170    23.910     1.51    2.59
 -63239.940    23.853    -0.20    2.65
 -62951.721    23.754    -0.34    2.48
 -62663.514    23.571    -0.64    2.30
 -62375.317    23.473    -0.34    2.33
 -62087.132    23.368    -0.36    2.48
 -61798.959    23.058    -1.08    2.31
 -61510.796    22.704    -1.23    2.27
 -61222.645    22.171    -1.85    2.62
 -60934.505    21.848    -1.12    2.77
 -60646.376    21.488    -1.25    2.58
 -60358.258    21.631     0.50    2.56
 -60070.151    21.660     0.10    2.77
 -59782.056    22.119     1.59    2.99
 -59493.972    22.822     2.44    3.16
 -59205.899    23.698     3.04    2.62
 -58917.837    24.223     1.82    1.98
 -58629.787    24.391     0.58    1.60
 -58341.748    24.278    -0.39    1.46
 -58053.719    23.863    -1.44    1.49
 -57765.703    23.488    -1.30    1.69
 -57477.697    23.317    -0.60    1.79
 -57189.702    22.933    -1.33    1.96
 -56901.719    22.891    -0.14    1.94
 -56613.747    22.853    -0.13    2.12
 -56325.786    22.726    -0.44    2.06
 -56037.836    22.645    -0.28    1.80
 -55749.897    22.682     0.13    1.66
 -55461.970    22.601    -0.28    1.51
 -55174.053    22.441    -0.56    1.42
 -54886.148    22.391    -0.17    1.43
 -54598.254    22.423     0.11    1.52
 -54310.372    22.332    -0.32    1.56
 -54022.500    22.218    -0.40    1.58
 -53734.639    22.082    -0.47    1.78
 -53446.790    22.139     0.20    1.77
 -53158.952    22.094    -0.16    1.59
 -52871.125    22.139     0.16    1.67
 -52583.309    22.027    -0.39    1.86
 -52295.504    22.004    -0.08    1.93
 -52007.711    21.935    -0.24    1.88
 -51719.928    21.848    -0.30    1.90
 -51432.157    21.887     0.14    1.70
 -51144.397    21.754    -0.46    1.73
 -50856.648    21.770     0.05    1.74
 -50568.910    21.660    -0.38    1.61
 -50281.183    21.459    -0.70    1.31
 -49993.468    21.254    -0.71    1.31
 -49705.763    21.422     0.58    1.17
 -49418.070    21.410    -0.04    1.31
 -49130.388    21.101    -1.08    1.44
 -48842.717    20.942    -0.55    1.54
 -48555.057    20.504    -1.52    1.55
 -48267.408    20.410    -0.33    1.58
 -47979.770    20.377    -0.12    1.60
 -47692.144    20.207    -0.59    1.42
 -47404.528    20.171    -0.13    1.51
 -47116.924    19.973    -0.69    1.53
 -46829.330    20.146     0.60    1.66
 -46541.748    20.262     0.40    1.67
 -46254.177    20.295     0.12    1.54
 -45965.485    20.343     0.17    1.52
 -45675.509    20.437     0.33    1.60
 -45385.544    20.536     0.34    1.49
 -45095.591    20.519    -0.06    1.73
 -44805.649    20.610     0.31    1.68
 -44515.719    20.340    -0.93    1.79
 -44225.799    20.101    -0.82    1.86
 -43935.891    20.021    -0.28    1.83
 -43645.995    20.107     0.30    1.93
 -43356.109    19.928    -0.62    1.88
 -43066.235    19.738    -0.66    1.80
 -42776.372    19.673    -0.22    1.69
 -42486.521    19.567    -0.37    1.52
 -42196.680    19.571     0.01    1.45
 -41906.851    19.488    -0.28    1.37
 -41617.034    19.489     0.00    1.37
 -41327.227    19.551     0.21    1.39
 -41037.432    19.704     0.53    1.37
 -40747.648    19.774     0.24    1.55
 -40457.876    19.804     0.10    1.59
 -40168.115    19.758    -0.16    1.38
 -39878.365    19.615    -0.49    1.50
 -39588.626    19.582    -0.11    1.61
 -39298.898    19.519    -0.22    1.49
 -39009.182    19.425    -0.33    1.39
 -38719.477    19.520     0.33    1.41
 -38429.784    19.425    -0.33    1.50
 -38140.101    19.472     0.16    1.46
 -37850.430    19.409    -0.22    1.19
 -37560.770    19.535     0.44    1.34
 -37271.121    19.569     0.11    1.50
 -36981.484    19.585     0.06    1.43
 -36691.858    19.707     0.42    1.56
 -36402.243    19.907     0.69    1.44
 -36112.639    19.940     0.11    1.34
 -35823.047    19.996     0.20    1.31
 -35533.466    20.107     0.38    1.26
 -35243.896    20.182     0.26    1.25
 -34954.337    20.171    -0.04    1.22
 -34664.789    20.327     0.54    1.15
 -34375.253    20.198    -0.45    1.20
 -34085.728    20.113    -0.29    1.22
 -33796.214    19.949    -0.57    1.06
 -33506.712    19.885    -0.22    1.07
 -33217.220    19.730    -0.54    1.19
 -32927.740    19.742     0.04    1.21
 -32638.271    19.613    -0.44    1.20
 -32348.813    19.790     0.61    1.13
 -32059.367    19.848     0.20    1.17
 -31769.932    19.806    -0.15    1.17
 -31480.507    19.343    -1.60    1.72
 -31191.095    18.980    -1.25    1.93
 -30901.693    18.631    -1.21    2.05
 -30612.302    18.314    -1.10    2.15
 -30322.923    18.020    -1.02    2.26
 -30033.555    18.101     0.28    2.28
 -29744.198    18.182     0.28    2.71
 -29454.852    18.567     1.33    2.96
 -29165.518    18.552    -0.05    2.99
 -28876.195    18.949     1.37    3.08
 -28586.882    19.150     0.70    3.03
 -28297.582    19.520     1.28    2.96
 -28008.292    19.726     0.71    2.63
 -27719.013    20.381     2.26    2.52
 -27429.746    21.714     4.61    2.70
 -27140.489    23.520     6.24    4.06
 -26851.244    25.412     6.54    5.12
 -26562.011    27.910     8.64    6.20
 -26272.788    31.123    11.11    7.04
 -25983.576    34.192    10.61    6.17
 -25694.376    36.771     8.92    5.19
 -25405.187    39.089     8.02    5.20
 -25116.009    41.125     7.04    5.90
 -24826.842    42.832     5.90    6.11
 -24537.686    43.904     3.71    6.14
 -24248.541    44.957     3.64    6.11
 -23959.408    46.537     5.47    5.76
 -23670.285    48.060     5.27    5.90
 -23381.174    49.638     5.46    5.81
 -23092.074    51.043     4.86    5.56
 -22802.985    52.322     4.43    5.18
 -22513.908    53.964     5.68    4.73
 -22224.841    55.471     5.21    4.53
 -21935.786    56.964     5.17    4.76
 -21646.741    58.892     6.67    5.09
 -21357.708    61.201     7.99    5.30
 -21068.686    63.818     9.05    5.83
 -20779.675    66.567     9.51    6.28
 -20490.675    70.204    12.59    6.87
 -20201.686    72.848     9.15    7.48
 -19912.709    76.004    10.92    8.34
 -19623.742    79.289    11.37    8.84
 -19334.787    81.581     7.93    9.76
 -19045.843    83.981     8.31   10.51
 -18756.910    86.404     8.39   10.48
 -18467.988    88.457     7.11   11.58
 -18179.077    90.060     5.55   11.31
 -17890.177    92.145     7.22   12.07
 -17601.288    94.289     7.42   12.26
 -17312.411    94.629     1.18   11.86
 -17023.544    94.947     1.10   10.98
 -16734.689    94.879    -0.23   11.23
 -16445.845    94.012    -3.00   11.09
 -16157.011    94.051     0.13   12.46
 -15868.189    95.135     3.75   13.56
 -15579.378    93.980    -4.00   13.62
 -15290.578    92.679    -4.51   13.28
 -15001.789    91.442    -4.28   12.76
 -14713.012    89.571    -6.48   12.04
 -14424.245    87.441    -7.38   11.53
 -14135.489    86.381    -3.67   10.78
 -13846.745    83.785    -8.99   11.08
 -13558.011    83.535    -0.87   10.73
 -13269.289    82.107    -4.95   10.33
 -12980.578    81.637    -1.63    9.79
 -12691.877    78.426   -11.12    9.67
 -12403.188    76.581    -6.39    9.60
 -12114.510    73.750    -9.81   10.05
 -11825.843    72.307    -5.00   10.22
 -11537.187    69.012   -11.42   10.02
 -11248.542    66.954    -7.13    9.14
 -10959.908    63.472   -12.06    9.10
 -10671.285    61.363    -7.30    8.99
 -10382.673    58.663    -9.36    9.63
 -10094.072    55.812    -9.88   10.16
  -9805.483    51.790   -13.94   10.54
  -9516.904    48.488   -11.44    9.77
  -9228.336    44.171   -14.96    9.77
  -8939.780    41.314    -9.90    9.08
  -8651.234    37.218   -14.19    8.38
  -8362.700    34.004   -11.14    7.83
  -8074.176    30.520   -12.07    6.86
  -7785.664    27.585   -10.17    5.91
  -7497.162    24.957    -9.11    5.43
  -7208.672    22.794    -7.50    4.76
  -6920.192    20.859    -6.71    4.09
  -6631.724    19.145    -5.94    4.06
  -6343.267    17.155    -6.90    3.96
  -6054.820    15.456    -5.89    3.87
  -5766.385    13.853    -5.56    3.44
  -5477.961    12.601    -4.34    3.14
  -5189.547    11.250    -4.68    2.22
  -4901.145    10.348    -3.13    2.17
  -4612.754     9.738    -2.11    2.04
  -4324.374     9.285    -1.57    1.99
  -4036.004     9.101    -0.64    2.03
  -3747.646     9.155     0.19    2.89
  -3459.299     8.615    -1.87    3.35
  -3170.963     7.869    -2.59    3.75
  -2882.637     7.457    -1.43    3.97
  -2594.323     7.069    -1.35    4.15
  -2306.020     6.520    -1.90    3.97
  -2017.727     5.615    -3.14    3.36
  -1729.446     4.536    -3.74    2.67
  -1441.176     3.923    -2.13    2.80
  -1152.916     3.176    -2.59    2.97
   -864.668     2.329    -2.94    2.99
   -576.430     1.770    -1.94    2.98
   -288.204     1.091    -2.35    2.76
      0.012     0.488    -2.09    2.11
    288.216     0.359    -0.45    1.86
    576.410     1.519     4.03    3.47
    864.592     2.645     3.90    3.95
   1152.764     4.425     6.18    4.81
   1440.924     6.357     6.70    4.99
   1729.074     8.621     7.86    4.57
   2017.213    10.665     7.10    4.14
   2305.341    12.192     5.30    3.96
   2593.457    13.552     4.72    3.61
   2881.563    15.412     6.46    4.37
   3169.658    16.456     3.63    4.29
   3457.742    17.440     3.41    4.56
   3745.815    18.940     5.21    4.65
   4033.877    20.123     4.11    4.76
   4321.929    21.535     4.90    4.87
   4609.969    23.176     5.70    5.29
   4897.998    25.076     6.59    5.31
   5186.016    26.601     5.30    5.14
   5474.024    27.895     4.49    4.31
   5762.020    28.569     2.34    3.73
   6050.006    28.536    -0.11    4.37
   6337.980    28.192    -1.20    5.10
   6625.944    27.801    -1.36    5.94
   6913.897    26.520    -4.45    6.32
   7201.839    25.060    -5.07    6.02
   7489.770    23.621    -5.00    5.26
   7777.690    23.774     0.53    4.37
   8065.599    24.089     1.09    4.11
   8353.497    25.012     3.21    4.75
   8641.384    26.383     4.76    5.55
   8929.261    28.425     7.09    6.02
   9217.126    29.554     3.92    5.97
   9504.981    30.223     2.32    5.99
   9792.825    30.550     1.13    5.50
  10080.658    30.660     0.38    5.15
  10368.479    30.519    -0.49    4.83
  10656.290    30.317    -0.70    4.48
  10944.091    29.704    -2.13    4.24
  11231.880    29.473    -0.80    4.00
  11519.658    29.520     0.16    3.34
  11807.426    29.980     1.60    3.04
  12095.182    30.027     0.16    3.14
  12382.928    30.504     1.66    3.32
  12670.663    31.455     3.30    3.92
  12958.387    32.973     5.28    4.59
  13246.100    34.387     4.92    4.89
  13533.802    37.020     9.15    5.27
  13821.493    38.104     3.77    4.57
  14109.174    38.457     1.23    4.31
  14396.843    37.723    -2.55    4.52
  14684.502    36.629    -3.80    4.64
  14972.150    35.787    -2.93    4.48
  15259.787    34.817    -3.38    3.55
  15547.413    34.807    -0.03    3.10
  15835.028    35.192     1.34    3.40
  16122.790    35.777     2.03    3.26
  16412.749    37.004     4.23    3.31
  16702.696    38.071     3.68    3.14
  16992.633    39.139     3.68    2.97
  17282.558    39.989     2.93    2.65
  17572.472    40.089     0.34    3.01
  17862.376    40.713     2.15    3.42
  18152.268    41.536     2.84    3.64
  18442.149    42.454     3.17    4.22
  18732.019    43.869     4.88    4.73
  19021.878    45.277     4.86    4.88
  19311.726    46.627     4.66    4.89
  19601.563    47.459     2.87    4.33
  19891.389    48.426     3.34    4.13
  20181.204    49.587     4.01    4.05
  20471.008    50.160     1.98    4.40
  20760.801    51.187     3.54    4.60
  21050.583    52.762     5.44    4.66
  21340.354    53.443     2.35    4.62
  21630.114    53.832     1.34    4.23
  21919.863    53.787    -0.15    4.59
  22209.601    53.692    -0.33    5.16
  22499.328    53.599    -0.32    5.57
  22789.044    52.550    -3.62    5.67
  23078.748    51.781    -2.66    5.14
  23368.442    51.395    -1.33    4.03
  23658.125    51.504     0.38    3.30
  23947.797    51.973     1.62    3.15
  24237.458    53.393     4.90    3.12
  24527.108    54.028     2.19    3.23
  24816.746    54.535     1.75    3.24
  25106.374    55.067     1.84    3.28
  25395.991    55.237     0.59    3.33
  25685.597    55.223    -0.05    3.57
  25975.192    55.149    -0.25    3.35
  26264.776    54.723    -1.47    3.49
  26554.349    54.643    -0.28    3.38
  26843.911    53.957    -2.37    3.38
  27133.462    53.404    -1.91    3.24
  27423.002    52.410    -3.43    3.12
  27712.531    51.787    -2.15    2.90
  28002.049    51.504    -0.98    2.88
  28291.556    51.181    -1.12    3.07
  28581.052    50.723    -1.58    3.36
  28870.537    50.665    -0.20    3.59
  29160.011    50.504    -0.56    4.11
  29449.475    50.204    -1.04    4.25
  29738.927    49.566    -2.21    4.40
  30028.368    49.227    -1.17    4.72
  30317.799    48.738    -1.69    4.78
  30607.218    48.311    -1.48    4.76
  30896.627    47.801    -1.76    4.62
  31186.024    47.337    -1.60    4.14
  31475.411    47.012    -1.13    3.88
  31764.786    47.050     0.13    3.68
  32054.151    47.060     0.03    3.73
  32343.505    47.395     1.16    4.09
  32632.848    47.801     1.40    3.99
  32922.180    48.087     0.99    3.64
  33211.501    48.520     1.49    3.42
  33500.811    48.889     1.28    3.23
  33790.110    48.957     0.24    3.16
  34079.398    48.898    -0.20    2.98
  34368.675    48.774    -0.43    3.20
  34657.942    48.187    -2.03    3.18
  34947.197    47.294    -3.09    3.46
  35236.442    46.413    -3.05    3.12
  35525.675    45.629    -2.71    3.16
  35814.898    45.413    -0.75    3.25
  36104.110    45.663     0.86    3.33
  36393.311    45.871     0.72    3.33
  36682.501    46.171     1.04    3.42
  36971.680    46.080    -0.31    3.52
  37260.848    45.785    -1.02    3.62
  37550.005    45.319    -1.61    3.77
  37839.151    44.750    -1.97    3.74
  38128.287    44.271    -1.66    2.91
  38417.412    44.139    -0.46    2.68
  38706.525    44.473     1.16    2.41
  38995.628    44.409    -0.22    2.49
  39284.720    44.704     1.02    2.83
  39573.801    45.104     1.38    2.91
  39862.871    45.171     0.23    2.62
  40151.930    44.817    -1.23    2.69
  40440.979    44.758    -0.20    2.44
  40730.016    44.822     0.22    2.45
  41019.043    45.150     1.14    2.29
  41308.059    44.901    -0.86    2.49
  41597.064    44.914     0.05    2.91
  41886.058    44.504    -1.42    3.27
  42175.041    43.869    -2.20    3.19
  42464.013    43.472    -1.37    2.82
  42752.975    44.012     1.87    2.73
  43041.925    44.583     1.98    2.76
  43330.865    45.266     2.36    2.93
  43619.794    46.317     3.64    2.87
  43908.712    47.087     2.67    2.64
  44197.619    47.456     1.28    2.79
  44486.516    47.596     0.48    2.77
  44775.401    47.848     0.87    3.02
  45064.276    48.504     2.27    3.42
  45353.140    49.332     2.87    3.45
  45641.992    50.137     2.79    3.70
  45930.835    51.910     6.14    4.91
  46219.666    53.535     5.62    5.59
  46508.486    55.379     6.39    6.44
  46797.296    56.966     5.49    6.56
  47086.095    58.361     4.83    6.13
  47374.883    59.337     3.38    5.13
  47663.660    59.863     1.82    4.35
  47952.426    61.125     4.37    4.62
  48241.182    62.629     5.21    6.07
  48529.927    64.731     7.28    7.58
  48818.660    67.192     8.52    8.87
  49107.383    71.287    14.19   11.85
  49396.096    74.266    10.32   12.98
  49684.797    77.459    11.06   13.29
  49973.488    79.129     5.79   13.44
  50262.168    79.627     1.73   13.29
  50550.837    78.942    -2.37   13.62
  50839.495    78.504    -1.52   13.68
  51128.142    74.822   -12.76   12.56
  51416.779    72.028    -9.68   11.98
  51705.405    68.004   -13.94   10.75
  51994.020    63.996   -13.89   10.50
  52282.624    60.155   -13.31    9.82
  52571.218    56.404   -13.00    8.85
  52859.800    53.395   -10.43    8.38
  53148.372    49.996   -11.78    7.37
  53436.933    47.012   -10.34    5.63
  53725.484    45.750    -4.37    4.96
  54014.023    44.218    -5.31    4.21
  54302.552    43.324    -3.10    3.30
  54591.070    42.863    -1.60    2.64
  54879.577    42.389    -1.64    2.29
  55168.074    42.425     0.12    2.50
  55456.559    42.596     0.60    2.77
  55745.034    42.176    -1.46    3.17
  56033.498    41.933    -0.84    3.27
  56321.952    41.770    -0.56    3.29
  56610.394    41.821     0.18    3.16
  56898.826    41.832     0.04    3.12
  57187.247    41.627    -0.71    2.98
  57475.658    41.254    -1.29    2.88
  57764.057    41.027    -0.79    2.83
  58052.446    40.949    -0.27    2.53
  58340.825    40.637    -1.08    2.35
  58629.192    40.361    -0.96    2.32
  58917.549    40.368     0.02    2.47
  59205.894    40.254    -0.39    2.74
  59494.230    40.322     0.24    2.85
  59782.554    40.665     1.19    3.06
  60070.868    41.104     1.52    2.92
  60359.171    41.568     1.61    2.92
  60647.463    41.181    -1.34    2.69
  60935.745    41.123    -0.20    2.88
  61224.015    41.104    -0.07    2.91
  61512.275    40.981    -0.43    3.12
  61800.525    40.671    -1.08    2.85
  62088.763    40.285    -1.34    2.75
  62376.991    39.917    -1.28    2.61
  62665.208    39.869    -0.17    2.52
  62953.415    39.766    -0.36    2.48
  63241.611    39.250    -1.79    2.24
  63529.796    39.816     1.96    2.36
  63817.970    40.270     1.58    2.69
  64106.134    40.437     0.58    2.63
  64394.287    41.098     2.29    2.61
  64682.429    41.350     0.88    2.44
  64970.561    41.552     0.70    2.36
  65258.681    41.885     1.16    2.40
  65546.792    42.067     0.63    2.24
  65834.891    42.437     1.29    2.07
  66122.980    42.488     0.18    2.10
  66411.058    42.459    -0.10    1.94
  66699.125    42.395    -0.22    1.94
  66987.182    42.368    -0.09    1.90
  67275.228    42.250    -0.41    1.94
  67563.263    42.287     0.13    1.95
  67851.288    42.441     0.53    1.90
  68139.302    42.731     1.01    2.28
  68427.306    43.004     0.95    2.35
  68715.298    43.216     0.74    2.27
  69003.280    43.535     1.11    2.37
  69291.252    43.487    -0.17    2.24
  69579.212    43.473    -0.05    2.14
  69867.162    43.552     0.27    2.21
  70155.102    43.582     0.11    2.16
  70443.030    43.796     0.74    2.29
  70730.948    43.848     0.18    2.26
  71018.856    43.921     0.25    2.34
  71306.752    44.270     1.21    2.27
  71594.638    44.193    -0.27    2.18
  71882.514    44.314     0.42    2.12
  72170.379    44.150    -0.57    2.09
  72458.233    44.028    -0.43    1.87
  72746.076    43.843    -0.64    2.02
  73033.909    43.348    -1.72    2.00
  73321.731    42.921    -1.48    2.30
  73609.543    42.442    -1.66    2.56
  73897.344    42.319    -0.42    2.59
  74185.134    42.058    -0.91    2.57
  74472.914    42.129     0.25    2.47
  74760.683    42.192     0.22    2.26
  75048.441    42.204     0.04    2.13
  75336.189    42.165    -0.13    2.13
  75623.926    42.444     0.97    2.01
  75911.653    42.413    -0.11    2.00
  76199.369    42.474     0.21    2.00
  76487.074    42.504     0.10    2.00
  76774.769    42.437    -0.23    1.93
  77062.453    42.488     0.18    2.09
  77350.127    42.599     0.39    2.16
  77637.789    42.996     1.38    2.09
  77925.442    43.396     1.39    2.05
  78213.083    44.207     2.82    1.93
  78502.262    44.537     1.14    1.90
  78792.198    44.879     1.18    2.00
  79082.122    45.246     1.27    2.02
  79372.036    45.361     0.40    1.97
  79661.939    45.750     1.34    1.98
  79951.831    45.863     0.39    2.22
  80241.713    45.937     0.26    2.46
  80531.583    46.270     1.15    2.31
  80821.443    46.440     0.59    2.13
  81111.292    46.676     0.82    2.11
  81401.131    46.950     0.95    1.85
  81690.958    47.218     0.93    1.94
  81980.775    47.771     1.91    1.96
  82270.581    48.004     0.81    1.83
  82560.376    48.085     0.28    1.70
  82850.161    48.409     1.12    1.72
  83139.934    48.504     0.33    1.75
  83429.697    48.996     1.70    1.64
  83719.449    49.242     0.85    1.59
  84009.191    49.504     0.91    1.60
  84298.922    49.586     0.28    1.73
  84588.641    49.790     0.70    1.70
  84878.351    50.212     1.46    1.76
  85168.049    50.298     0.30    1.75
  85457.737    50.794     1.71    2.04
  85747.414    51.223     1.48    2.19
  86037.080    51.554     1.14    2.51
  86326.735    52.091     1.85    2.65
  86616.380    52.735     2.22    2.79
  86906.014    52.917     0.63    2.66
  87195.637    53.314     1.37    2.96
  87485.250    53.879     1.95    3.23
  87774.852    54.404     1.81    3.40
  88064.443    54.822     1.44    3.30
  88354.023    55.629     2.79    3.31
  88643.593    55.973     1.19    3.14
  88933.152    56.568     2.05    3.22
  89222.700    57.171     2.08    3.54
  89512.237    57.721     1.90    3.77
  89801.764    57.901     0.62    4.02
  90091.280    59.150     4.31    4.29
  90380.786    59.754     2.09    4.33
  90670.280    60.801     3.62    4.62
  90959.764    61.423     2.15    4.51
  91249.237    62.987     5.40    4.74
  91538.700    63.311     1.12    4.57
  91828.152    64.535     4.23    4.82
  92117.593    65.145     2.11    4.93
  92407.023    66.613     5.07    5.14
  92696.443    67.714     3.80    5.09
  92985.852    69.421     5.90    5.12
  93275.251    69.923     1.74    4.74
  93564.638    71.519     5.51    4.68
  93854.015    72.457     3.24    4.20
  94143.382    73.879     4.91    4.35
  94432.737    75.004     3.89    4.48
  94722.082    76.687     5.82    4.20
  95011.416    77.520     2.88    3.81
  95300.740    79.598     7.18    3.93
  95590.053    80.817     4.21    4.02
  95879.355    82.129     4.54    4.37
  96168.647    82.848     2.49    4.75
  96457.928    84.204     4.69    4.78
  96747.198    85.094     3.08    5.06
  97036.458    86.754     5.74    5.94
  97325.707    87.790     3.58    6.26
  97614.945    89.660     6.47    7.22
  97904.173    91.520     6.43    9.84
  98193.390    99.242    26.70   25.63
  98482.596   104.004    16.47   35.34
  98771.792   110.785    23.45   41.72
  99060.977   115.076    14.83   43.85
  99350.151   125.410    35.74   55.02
  99639.315   127.631     7.68   55.56
  99928.468   130.359     9.43   58.74
 100217.610   124.956   -18.69   48.40
 100506.742   141.298    56.52   63.22
 100795.863   155.774    50.07   67.66
 101084.974   182.785    93.42   79.57
 101374.074   192.423    33.34   81.09
 101663.163   215.988    81.51   97.30
 101952.242   211.837   -14.36   94.60
 102241.310   212.155     1.10  104.85
 102530.368   183.917   -97.68   94.28
 102819.414   159.020   -86.13   79.00
 103108.451   137.423   -74.71   49.04
 103397.476   128.859   -29.63   25.41
 103686.491   133.117    14.73   37.44
 103975.496   158.165    86.67   69.93
 104264.489   173.472    52.96   82.22
 104553.472   190.473    58.83   95.97
 104842.445   191.933     5.05   95.66
 105131.407   195.794    13.36   92.99
 105420.358   190.422   -18.59   85.25
 105709.299   204.633    49.18   91.96
 105998.229   204.660     0.09   93.41
 106287.149   227.044    77.47  112.29
 106576.058   238.645    40.15  116.27
 106864.956   264.710    90.22  116.38
 107153.844   285.762    72.87  116.94
 107442.721   320.214   119.25  125.31
 107731.588   345.568    87.76  134.28
 108020.444   397.393   179.40  125.05
 108309.289   435.410   131.61  110.44
 108598.124   482.278   162.25   89.18
 108886.949   505.730    81.19   71.48
 109175.762   504.230    -5.19   74.25
 109464.566   483.980   -70.11   83.30
 109753.358   468.956   -52.02   97.09
 110042.140   443.107   -89.50  107.60
 110330.912   409.794  -115.35  105.32
 110619.673   361.940  -165.71   96.82
 110908.423   330.682  -108.25   95.96
 111197.163   294.262  -126.12  101.22
 111485.892   255.827  -133.11   98.39
 111774.611   222.980  -113.76   89.73
 112063.319   190.234  -113.41   68.56
 112352.016   160.568  -102.75   36.43
 112640.703   148.375   -42.23   20.82
 112929.380   142.854   -19.12   13.07
 113218.046   140.504    -8.14    7.95
 113506.701   140.704     0.69    7.91
 113795.346   147.551    23.72   23.49
 114083.980   159.345    40.86   42.42
 114372.604   183.343    83.14   69.87
 114661.217   214.354   107.44  100.35
 114949.820   284.457   242.89  151.25
 115238.412   352.919   237.21  177.07
 115526.994   408.598   192.92  170.81
 115815.565   433.928    87.77  146.09
 116104.126   451.583    61.18  129.36
 116392.676   443.537   -27.88  131.13
 116681.215   404.262  -136.11  133.05
 116969.744   366.550  -130.70  121.07
 117258.263   340.973   -88.64  104.68
 117546.771   320.610   -70.57  101.97
 117835.268   317.956    -9.20  108.90
 118123.755   333.904    55.28  111.91
 118412.232   351.363    60.52  115.49
 118700.698   365.473    48.91  111.09
 118989.153   388.473    79.73  125.83
 119277.598   403.904    53.49  128.12
 119566.033   441.051   128.78  127.56
 119854.457   485.621   154.52  127.99
 120142.870   548.270   217.20  156.60
 120431.273   625.298   267.06  167.84
 120719.666   700.230   259.81  152.83
 121008.048   753.366   184.24  129.65
 121296.419   784.848   109.16  111.80
 121584.781   798.504    47.35   92.18
 121873.131   795.645    -9.92   81.59
 122161.471   781.371   -49.50   72.34
 122449.801   763.988   -60.28   58.46
 122738.120   752.396   -40.20   50.05
 123026.429   743.853   -29.63   53.39
 123314.727   728.665   -52.68   69.24
 123603.015   705.738   -79.52   91.71
 123891.292   681.787   -83.08  108.28
 124179.559   636.837  -155.92  123.84
 124467.815   603.858  -114.40  130.90
 124756.061   552.129  -179.45  119.92
 125044.296   505.218  -162.74  112.22
 125332.521   473.375  -110.47  113.24
 125620.736   452.737   -71.60   95.00
 125908.940   433.695   -66.07   75.39
 126197.133   445.566    41.19   78.16
 126485.316   470.895    87.89   95.77
 126773.489   512.989   146.06  107.45
 127061.651   559.423   161.13  101.53
 127349.803   604.654   156.96   84.18
 127637.944   621.165    57.30   72.23
 127926.075   631.135    34.60   66.91
 128214.196   627.754   -11.73   69.41
 128502.306   620.919   -23.72   70.13
 128790.406   623.311     8.30   67.91
 129078.495   634.987    40.53   65.77
 129366.574   651.714    58.06   62.55
 129654.642   660.395    30.13   55.08
 129942.700   651.187   -31.96   61.45
 130230.747   630.317   -72.45   79.39
 130518.784   605.391   -86.53   92.28
 130806.811   558.633  -162.33  104.53
 131094.827   518.822  -138.22   95.15
 131382.833   474.329  -154.47   84.64
 131670.828   445.827   -98.96   71.36
 131958.813   423.282   -78.28   62.97
 132246.788   405.052   -63.30   50.89
 132534.752   393.488   -40.16   41.89
 132822.706   384.250   -32.08   34.39
 133110.649   383.052    -4.16   38.39
 133398.582   387.698    16.13   38.31
 133686.505   393.317    19.51   38.26
 133974.417   394.155     2.91   37.04
 134262.319   393.282    -3.03   36.04
 134550.210   386.859   -22.31   34.16
 134838.091   380.520   -22.02   27.86
 135125.962   379.504    -3.53   27.36
 135413.822   382.266     9.59   29.06
 135701.672   379.348   -10.14   31.08
 135989.511   377.343    -6.97   30.11
 136277.340   374.827    -8.74   30.53
 136565.159   370.895   -13.66   30.63
 136852.967   366.020   -16.94   32.63
 137140.765   359.875   -21.35   32.70
 137428.553   352.895   -24.25   26.52
 137716.330   346.377   -22.65   19.33
 138004.097   343.536    -9.87   14.28
 138291.853   344.633     3.81   17.36
 138579.600   347.387     9.57   18.67
 138867.335   357.117    33.81   29.62
 139155.061   366.996    34.33   33.76
 139442.776   375.863    30.82   35.02
 139730.480   384.973    31.66   32.17
 140018.175   400.117    52.63   30.48
 140305.859   411.137    38.30   27.43
 140594.157   423.052    41.33   36.32
 140884.079   430.913    27.11   49.93
 141173.991   442.113    38.63   57.88
 141463.893   448.853    23.24   58.15
 141753.784   456.940    27.89   59.43
 142043.664   463.321    22.01   58.07
 142333.534   470.343    24.22   57.06
 142623.393   475.050    16.24   52.91
 142913.242   487.551    43.13   57.39
 143203.080   501.701    48.82   62.15
 143492.908   530.262    98.54   79.82
 143782.725   562.371   110.78   90.66
 144072.532   589.822    94.71   86.82
 144362.328   614.443    84.95   81.75
 144652.114   635.988    74.34   71.32
 144941.889   650.565    50.30   65.41
 145231.654   660.262    33.46   61.95
 145521.408   675.237    51.68   65.87
 145811.152   680.832    19.31   67.08
 146100.885   701.796    72.35   67.64
 146390.608   710.996    31.75   64.80
 146680.320   711.400     1.39   62.45
 146970.022   702.551   -30.54   58.84
 147259.713   686.754   -54.52   53.78
 147549.394   671.679   -52.04   57.11
 147839.065   654.919   -57.85   57.00
 148128.724   627.848   -93.45   55.97
 148418.374   601.796   -89.93   49.87
 148708.013   581.266   -70.88   45.51
 148997.641   572.487   -30.31   46.24
 149287.259   573.891     4.85   54.18
 149576.866   573.473    -1.44   59.56
 149866.463   574.568     3.78   62.24
 150156.050   583.935    32.34   63.39
 150445.626   604.298    70.31   64.44
 150735.192   631.604    94.29   70.31
 151024.747   657.684    90.06   84.81
 151314.291   686.345    98.98   89.97
 151603.826   705.504    66.16   79.57
 151893.349   715.551    34.70   72.43
 152182.863   707.117   -29.13   76.62
 152472.366   680.766   -91.01   81.88
 152761.858   652.133   -98.90   82.51
 153051.340   609.917  -145.82   71.10
 153340.811   576.710  -114.70   74.77
 153630.273   547.270  -101.70   58.52
 153919.723   537.504   -33.74   55.07
 154209.163   527.456   -34.71   56.04
 154498.593   529.076     5.60   59.94
 154788.013   532.441    11.63   63.47
 155077.421   532.822     1.32   63.91
 155366.820   534.035     4.19   63.01
 155656.208   532.698    -4.62   62.81
 155945.586   529.665   -10.48   57.60
 156234.953   529.585    -0.28   52.95
 156524.310   542.250    43.77   63.02
 156813.656   566.695    84.47   73.14
 157102.992   590.879    83.58   69.87
 157392.317   612.020    73.06   60.10
 157681.632   626.094    48.64   50.65
 157970.937   635.337    31.95   45.64
 158260.231   628.750   -22.77   55.11
 158549.515   620.246   -29.39   55.87
 158838.789   610.317   -34.32   52.47
 159128.052   610.568     0.87   54.51
 159417.304   615.940    18.57   53.72
 159706.547   628.287    42.69   52.64
 159995.779   643.149    51.38   52.12
 160285.000   670.551    94.73   65.80
 160574.211   695.822    87.37   73.03
 160863.412   714.596    64.91   75.57
 161152.602   742.633    96.94   74.46
 161441.782   768.437    89.22   72.32
 161730.952   789.979    74.49   72.01
 162020.111   808.223    63.08   70.46
 162309.260   819.377    38.57   68.64
 162598.398   829.181    33.90   65.79
 162887.526   844.282    52.22   61.85
 163176.644   860.054    54.55   62.60
 163465.751   881.473    74.08   70.59
 163754.848   901.811    70.34   80.71
 164043.934   927.822    89.97   84.74
 164333.011   947.873    69.36   76.75
 164622.076   962.885    51.93   67.53
 164911.132   965.071     7.56   69.01
 165200.177   951.645   -46.44   76.95
 165489.212   933.311   -63.43   79.89
 165778.236   904.004  -101.39   68.36
 166067.250   881.627   -77.42   60.23
 166356.254   860.520   -73.03   64.32
 166645.247   837.654   -79.11   63.87
 166934.230   813.426   -83.83   69.85
 167223.203   793.904   -67.55   72.68
 167512.165   765.536   -98.16   73.72
 167801.117   741.843   -81.99   74.29
 168090.058   711.069  -106.49   80.54
 168378.990   682.117  -100.19   78.85
 168667.911   671.223   -37.70   78.27
 168956.821   663.737   -25.91   84.95
 169245.721   666.202     8.53   97.21
 169534.611   671.504    18.35  104.51
 169823.491   676.933    18.79  103.70
 170112.360   680.345    11.81   96.86
 170401.219   686.794    22.32   86.42
 170690.068   693.037    21.61   76.90
 170978.906   712.698    68.06   69.68
 171267.734   723.879    38.71   64.87
 171556.552   737.552    47.33   55.07
 171845.359   738.129     2.00   53.50
 172134.156   734.585   -12.27   49.15
 172422.943   723.471   -38.48   41.64
 172711.719   722.806    -2.30   44.41
 173000.486   727.442    16.05   52.90
 173289.241   732.583    17.80   57.68
 173577.987   740.314    26.77   58.20
 173866.722   748.816    29.44   55.10
 174155.447   738.783   -34.74   60.28
 174444.162   721.714   -59.11   68.93
 174732.866   701.790   -69.00   65.39
 175021.560   695.692   -21.12   60.21
 175310.244   704.746    31.36   69.87
 175598.917   708.407    12.68   74.55
 175887.581   718.133    33.69   69.75
 176176.234   722.020    13.46   69.45
 176464.876   709.649   -42.85   81.05
 176753.509   681.598   -97.18   94.63
 177042.131   657.139   -84.73   96.78
 177330.742   630.980   -90.63   79.10
 177619.344   618.601   -42.89   76.09
 177907.935   620.262     5.76   80.20
 178196.516   634.552    49.51  100.58
 178485.087   653.051    64.10   98.05
 178773.647   659.298    21.65   97.10
 179062.198   661.426     7.37  102.78
 179350.738   655.865   -19.27  103.33
 179639.267   647.371   -29.44   94.65
 179927.787   608.440  -134.92   87.61
 180216.296   584.719   -82.21   94.62
 180504.795   556.051   -99.36   88.51
 180793.283   531.565   -84.87   77.75
 181081.762   510.149   -74.23   65.99
 181370.230   496.104   -48.68   52.46
 181658.688   501.947    20.25   61.79
 181947.136   515.034    45.37   67.89
 182235.573   528.520    46.75   66.22
 182524.000   536.943    29.20   69.93
 182812.417   537.246     1.05   70.58
 183100.824   529.171   -28.00   70.32
 183389.221   521.044   -28.18   70.00
 183677.607   505.058   -55.43   64.32
 183965.983   489.076   -55.42   61.25
 184254.349   479.807   -32.14   53.91
 184542.704   472.723   -24.56   53.16
 184831.050   479.321    22.88   71.04
 185119.385   488.270    31.03   76.69
 185407.710   495.391    24.70   77.09
 185696.025   501.456    21.03   73.94
 185984.329   503.488     7.05   70.62
 186272.624   507.076    12.44   66.58
 186560.908   505.254    -6.32   67.39
 186849.182   507.778     8.76   65.83
 187137.445   502.822   -17.19   64.15
 187425.699   505.875    10.59   63.89
 187713.942   500.885   -17.31   66.71
 188002.175   493.504   -25.60   67.71
 188290.398   485.472   -27.86   70.26
 188578.611   482.052   -11.86   74.84
 188866.813   480.423    -5.65   81.11
 189155.005   481.020     2.07   79.80
 189443.188   495.660    50.80   91.64
 189731.360   510.377    51.06   96.76
 190019.521   511.234     2.97   87.61
 190307.673   507.585   -12.66   89.47
 190595.814   506.536    -3.64   87.19
 190883.945   499.536   -24.29   86.30
 191172.066   496.409   -10.85   89.06
 191460.177   485.145   -39.09   85.70
 191748.278   466.052   -66.26   69.56
 192036.368   460.730   -18.47   69.20
 192324.449   454.536   -21.50   65.05
 192612.519   462.234    26.72   76.00
 192900.579   474.569    42.81   83.98
 193188.629   491.345    58.24   90.94
 193476.668   495.343    13.88   93.98
 193764.698   507.726    42.99   99.93
 194052.717   506.504    -4.24   98.58
 194340.727   496.762   -33.82   98.21
 194628.726   504.811    27.94  105.80
 194916.715   523.098    63.49  124.03
 195204.693   515.044   -27.96  132.68
 195492.662   521.790    23.42  138.73
 195780.620   504.291   -60.76  134.93
 196068.569   508.521    14.69  134.04
 196356.507   483.085   -88.33  118.51
 196644.435   465.119   -62.39  102.24
 196932.353   445.973   -66.49   75.91
 197220.261   443.974    -6.94   70.73
 197508.158   445.901     6.69   78.04
 197796.046   448.037     7.42   85.93
 198083.923   461.101    45.37   94.71
 198371.790   465.565    15.50   98.56
 198659.647   459.230   -22.00   95.54
 198947.494   456.101   -10.87   88.59
 199235.331   449.082   -24.38   80.79
 199523.158   455.154    21.09   83.87
 199810.975   454.660    -1.72   91.18
 200098.781   464.361    33.70  107.74
 200386.578   489.282    86.58  131.53
 200674.364   504.051    51.31  147.97
 200962.140   525.133    73.25  153.63
 201249.906   524.671    -1.61  143.21
 201537.662   515.311   -32.52  136.00
 201825.408   497.133   -63.16  128.55
 202113.144   485.891   -39.07  120.07
 202400.869   469.171   -58.10  104.39
 202688.585   460.617   -29.73   91.69
 202978.254   473.940    45.99  100.82
 203268.154   487.552    46.95  109.72
 203558.044   511.407    82.28  111.53
 203847.923   554.875   149.93  115.26
 204137.793   583.933   100.23  100.98
 204427.652   596.698    44.03   92.46
 204717.500   600.182    12.02   89.42
 205007.339   602.552     8.18   97.04
 205297.167   594.891   -26.43  104.84
 205586.985   573.294   -74.51  103.67
 205876.793   542.535  -106.12   94.51
 206166.591   528.107   -49.78   89.15
 206456.378   514.570   -46.71   86.31
 206746.155   509.504   -17.48   82.77
 207035.922   488.012   -74.16   85.12
 207325.678   488.327     1.08   84.95
 207615.424   482.379   -20.52   88.83
 207905.161   479.520    -9.87   94.38
 208194.886   473.848   -19.57  106.74
 208484.602   487.921    48.57  109.99
 208774.307   471.881   -55.36  106.80
 209064.003   466.832   -17.43  102.65
 209353.687   443.282   -81.29   93.72
 209643.362   434.704   -29.61   87.96
 209933.027   426.778   -27.36   87.03
 210222.681   439.221    42.95   92.40
 210512.325   440.848     5.62  101.13
 210801.959   452.322    39.61  111.91
 211091.582   454.879     8.83  113.42
 211381.196   457.519     9.12  111.45
 211670.799   453.133   -15.14  109.93
 211960.392   442.421   -36.99  100.76
 212249.974   422.996   -67.07   88.76
 212539.547   404.150   -65.07   80.39
 212829.109   385.327   -65.00   71.30
 213118.661   376.773   -29.54   64.80
 213408.203   371.910   -16.79   61.00
 213697.735   369.854    -7.10   63.86
 213987.257   368.885    -3.35   64.38
 214276.768   372.520    12.55   70.54
 214566.269   380.035    25.96   73.28
 214855.760   378.058    -6.83   70.36
 215145.241   369.778   -28.60   66.68
 215434.712   367.054    -9.41   62.60
 215724.172   365.193    -6.43   59.85
 216013.622   365.192    -0.00   60.24
 216303.062   360.695   -15.53   60.88
 216592.492   355.020   -19.60   56.83
 216881.912   354.182    -2.90   57.40
 217171.321   354.371     0.65   58.75
 217460.721   349.391   -17.20   55.84
 217750.110   352.980    12.40   62.92
 218039.489   352.568    -1.43   59.37
 218328.858   361.160    29.69   61.76
 218618.217   363.940     9.60   68.46
 218907.565   373.456    32.88   78.57
 219196.904   377.278    13.21   81.11
 219486.232   388.117    37.46   89.40
 219775.550   390.234     7.32   90.71
 220064.858   394.329    14.15   99.92
 220354.156   398.774    15.36  101.83
 220643.443   411.225    43.04  111.48
 220932.721   402.254   -31.01   98.21
 221221.988   419.520    59.68  108.25
 221511.245   414.171   -18.49  102.90
 221800.492   417.091    10.10   96.46
 222089.729   420.348    11.26   95.95
 222378.956   435.570    52.62   93.19
 222668.173   446.021    36.13   96.31
 222957.379   477.176   107.71   99.50
 223246.575   491.766    50.44   95.82
 223535.762   512.613    72.08   89.43
 223824.938   518.019    18.69   93.79
 224114.104   518.004    -0.05  109.25
 224403.260   502.237   -54.52  116.72
 224692.405   494.783   -25.78  130.29
 224981.541   481.565   -45.71  140.51
 225270.667   476.692   -16.85  169.66
 225559.782   475.443    -4.32  188.85
 225848.887   488.327    44.56  224.57
 226137.982   499.737    39.46  236.25
 226427.067   509.811    34.84  243.33
 226716.142   502.258   -26.12  233.81
 227005.207   483.754   -64.00  212.39
 227294.262   474.610   -31.63  193.92
 227583.307   453.052   -74.57  158.22
 227872.341   437.354   -54.31  120.38
 228161.366   426.029   -39.18   92.05
 228450.380   427.457     4.94   83.84
 228739.384   416.198   -38.95   66.67
 229028.379   424.119    27.41   75.29
 229317.363   424.730     2.11   73.81
 229606.337   425.004     0.95   72.06
 229895.301   415.698   -32.20   62.48
 230184.255   435.567    68.75   74.52
 230473.198   455.377    68.55   86.30
 230762.132   493.801   132.97   93.84
 231051.056   523.730   103.57   97.93
 231339.969   571.536   165.45   97.77
 231628.873   604.004   112.37  104.69
 231917.766   644.359   139.67  101.51
 232206.649   661.742    60.17   96.04
 232495.523   671.926    35.25   83.68
 232784.386   667.327   -15.92   82.37
 233073.239   655.668   -40.36   82.13
 233362.082   625.321  -105.05   88.10
 233650.915   585.375  -138.28   93.50
 233939.738   569.409   -55.27   82.08
 234228.551   569.790     1.32   75.10
 234517.354   557.567   -42.32   73.17
 234806.147   543.275   -49.48   81.23
 235094.929   515.487   -96.21  107.31
 235383.702   481.488  -117.72  115.21
 235672.465   465.368   -55.82  109.76
 235961.217   448.973   -56.77  103.34
 236249.960   453.289    14.94  106.28
 236538.693   484.766   109.00  139.30
 236827.415   545.271   209.53  171.36
 237116.128   614.028   238.12  195.75
 237404.830   690.458   264.70  219.19
 237693.522   760.933   244.08  225.99
 237982.205   823.353   216.19  229.62
 238270.877   897.145   255.59  230.65
 238559.539   959.121   214.67  214.03
 238848.192   988.192   100.70  208.46
 239136.834  1026.859   133.94  192.21
 239425.466  1058.377   109.18  171.87
 239714.089  1050.910   -25.87  177.63
 240002.701  1029.972   -72.54  191.79
 240291.303   970.604  -205.68  206.57
 240579.895   929.682  -141.78  205.72
 240868.478   868.853  -210.75  202.03
 241157.050   828.441  -140.02  201.38
 241445.612   771.202  -198.33  182.95
 241734.164   750.391   -72.11  172.94
 242022.706   743.391   -24.26  143.21
 242311.239   745.225     6.36  117.06
 242599.761   752.988    26.90  106.50
 242888.273   769.214    56.23   98.41
 243176.775   784.885    54.31   87.86
 243465.267   800.649    54.64   79.80
 243753.750   807.225    22.79   74.21
 244042.222   823.668    56.99   80.14
 244330.684   842.783    66.25   97.13
 244619.137   887.488   154.96  126.08
 244907.579   937.044   171.78  153.60
 245196.011   994.234   198.25  157.73
 245484.434  1037.907   151.40  153.72
 245772.846  1081.804   152.18  126.90
 246061.248  1084.440     9.14  114.92
 246349.641  1090.410    20.70  104.73
 246638.023  1070.758   -68.14  104.68
 246926.396  1064.176   -22.82   97.39
 247214.758  1044.552   -68.04   96.95
 247503.111  1031.887   -43.92   86.91
 247791.453  1024.859   -24.37   86.01
 248079.786  1016.536   -28.86   85.92
 248368.109  1008.586   -27.57   86.09
 248656.422   992.519   -55.72   89.84
 248944.724   956.069  -126.41   94.45
 249233.017   900.571  -192.48  107.86
 249521.300   857.254  -150.23  123.37
 249809.573   817.954  -136.31  116.51
 250097.836   752.684  -226.39  132.88
 250386.089   709.058  -151.32  141.11
 250674.332   674.176  -121.00  138.32
 250962.565   662.617   -40.10  126.61
 251250.789   651.649   -38.05  124.98
 251539.002   642.421   -32.01  118.96
 251827.205   634.133   -28.75  110.33
 252115.399   640.441    21.88  108.24
 252403.582   644.996    15.81  100.35
 252691.756   652.822    27.15  103.83
 252979.920   660.684    27.28  104.78
 253268.073   676.437    54.66  115.27
 253556.217   685.182    30.34  111.73
 253844.351   705.363    70.03  127.00
 254132.475   722.647    59.98  132.21
 254420.589   739.520    58.56  152.08
 254708.693   753.652    49.04  156.79
 254996.787   781.520    96.72  184.86
 255284.872   774.278   -25.14  164.75
 255572.946   796.488    77.08  166.13
 255861.011   809.837    46.33  151.25
 256149.065   845.956   125.37  157.94
 256437.110   895.665   172.55  183.19
 256725.145   957.340   214.09  201.76
 257013.170  1022.940   227.72  199.13
 257301.185  1109.972   302.13  174.99
 257589.190  1164.441   189.09  155.31
 257877.185  1214.758   174.69  126.86
 258165.170  1243.631   100.24  111.69
 258453.146  1271.520    96.83   94.52
 258741.111  1279.721    28.47   91.21
 259029.067  1270.101   -33.40   90.36
 259317.013  1267.350    -9.55   87.23
 259604.949  1262.710   -16.11   80.10
 259892.875  1277.254    50.50   84.92
 260180.791  1292.695    53.62   90.77
 260468.697  1303.687    38.18   93.37
 260756.594  1315.649    41.54   91.87
 261044.480  1322.489    23.75   85.53
 261332.357  1329.098    22.95   79.56
 261620.224  1325.368   -12.96   72.49
 261908.081  1309.881   -53.79   61.72
 262195.928  1295.437   -50.17   59.38
 262483.765  1278.537   -58.71   58.36
 262771.593  1262.488   -55.75   56.97
 263059.410  1245.730   -58.22   52.21
 263347.218  1231.598   -49.09   46.89
 263635.016  1218.698   -44.82   46.38
 263922.804  1208.654   -34.89   46.15
 264210.582  1194.843   -47.98   56.25
 264498.350  1188.171   -23.18   54.57
 264786.108  1169.012   -66.57   55.13
 265074.953  1156.754   -42.43   54.85
 265364.838  1146.262   -36.19   55.56
 265654.713  1142.165   -14.13   60.03
 265944.577  1123.923   -62.92   56.65
 266234.432  1113.036   -37.55   57.44
 266524.277  1111.885    -3.97   56.33
 266814.112  1130.726    65.00   67.13
 267103.937  1154.145    80.79   80.45
 267393.752  1188.045   116.95   96.33
 267683.557  1214.554    91.46  100.22
 267973.352  1260.078   157.06   91.54
 268263.137  1276.919    58.11   75.25
 268552.912  1287.843    37.69   61.75
 268842.677  1292.363    15.60   60.85
 269132.432  1301.602    31.88   60.43
 269422.177  1307.571    20.60   61.68
 269711.912  1307.456    -0.39   61.08
 270001.637  1321.673    49.06   77.30
 270291.352  1331.790    34.91   83.05
 270581.057  1329.427    -8.15   85.80
 270870.752  1324.395   -17.37   88.55
 271160.437  1322.087    -7.96   87.81
 271450.113  1320.647    -4.97   83.62
 271739.778  1318.658    -6.87   73.78
 272029.433  1305.035   -47.02   71.92
 272319.078  1287.643   -60.04   81.64
 272608.714  1271.176   -56.84   92.70
 272898.339  1251.837   -66.76  107.48
 273187.955  1217.471  -118.64  123.68
 273477.560  1172.427  -155.51  145.80
 273767.156  1133.778  -133.44  166.29
 274056.741  1102.973  -106.36  185.34
 274346.317  1068.307  -119.69  191.82
 274635.883  1039.471   -99.57  178.72
 274925.438   996.617  -147.97  146.47
 275214.984   966.885  -102.67  125.94
 275504.520   942.910   -82.79   98.90
 275794.046   925.665   -59.55   73.95
 276083.562   930.585    16.99   70.96
 276373.068   939.407    30.47   77.43
 276662.564   960.345    72.31   89.17
 276952.050   998.742   132.62  109.78
 277241.527  1047.298   167.71  111.40
 277530.993  1090.117   147.90  109.13
 277820.450  1131.143   141.71   96.30
 278109.896  1149.327    62.81   79.30
 278399.333  1171.811    77.67   67.84
 278688.759  1177.811    20.73   69.99
 278978.176  1178.663     2.94   72.25
 279267.583  1193.585    51.55   86.57
 279556.980  1207.837    49.24   89.63
 279846.367  1224.738    58.39   94.28
 280135.744  1247.037    77.05   91.80
 280425.111  1272.012    86.29   69.64
 280714.469  1269.843    -7.50   73.48
 281003.816  1272.832    10.33   74.56
 281293.154  1270.471    -8.16   84.56
 281582.481  1267.473   -10.36  102.11
 281871.799  1250.854   -57.43  113.25
 282161.107  1238.827   -41.57  129.86
 282450.405  1220.599   -62.99  143.95
 282739.693  1203.262   -59.92  160.62
 283028.971  1181.214   -76.21  158.23
 283318.239  1141.746  -136.42  148.44
 283607.498  1120.537   -73.31  152.73
 283896.746  1065.859  -189.00  137.57
 284185.985  1027.599  -132.25  110.34
 284475.214   999.885   -95.80   77.40
 284764.433   975.647   -83.79   59.25
 285053.642   964.133   -39.80   53.97
 285342.841   945.230   -65.35   50.22
 285632.030   930.278   -51.69   49.64
 285921.210   926.885   -11.73   50.11
 286210.379   926.107    -2.69   51.80
 286499.539   938.488    42.81   63.37
 286788.689   942.204    12.85   64.73
 287077.829   954.750    43.38   64.55
 287366.959   972.004    59.67   68.68
 287656.079  1000.282    97.79   77.64
 287945.189  1019.848    67.66   84.91
 288234.290  1034.750    51.54   84.59
 288523.381  1036.037     4.45   89.06
 288812.462  1050.734    50.83   82.21
 289101.533  1047.859    -9.94   78.41
 289390.594  1034.843   -45.02   71.75
 289679.645  1014.676   -69.76   64.91
 289968.687   996.044   -64.45   58.48
 290257.718   976.837   -66.44   53.99
 290546.740   968.129   -30.12   54.68
 290835.752   957.456   -36.92   49.37
 291124.754   944.391   -45.20   39.14
 291413.747   937.942   -22.31   38.44
 291702.729   931.375   -22.72   34.64
 291991.702   925.521   -20.26   35.61
 292280.665   925.488    -0.11   43.69
 292569.618   931.837    21.97   52.32
 292858.561   931.139    -2.42   56.28
 293147.494   928.472    -9.23   59.46
 293436.418   924.988   -12.06   63.37
 293725.331   926.133     3.96   66.33
 294014.235   923.827    -7.98   67.39
 294303.129   924.393     1.96   77.46
 294592.014   916.726   -26.53   78.17
 294880.888   918.770     7.07   86.57
 295169.753   918.891     0.42   86.51
 295458.608   929.504    36.73  102.47
 295747.453   933.554    14.02  113.10
 296036.288   958.898    87.73  133.91
 296325.114   950.695   -28.40  133.15
 296613.930   937.679   -45.06  128.29
 296902.736   934.535   -10.88  121.25
 297191.532   923.587   -37.90  112.21
 297480.318   930.054    22.39  113.28
 297769.095   959.406   101.62  134.58
 298057.861   994.156   120.32  145.08
 298346.618  1040.848   161.67  132.06
 298635.366  1076.504   123.46  129.55
 298924.103  1100.806    84.15  133.00
 299212.831  1109.637    30.58  150.91
 299501.549  1112.332     9.33  167.25
 299790.257  1110.853    -5.12  175.52
 300078.955  1091.901   -65.64  178.24
 300367.644  1073.289   -64.46  176.76
 300656.322  1055.488   -61.65  166.60
 300944.991  1044.387   -38.45  147.65
 301233.651  1031.143   -45.87  133.47
 301522.300  1030.076    -3.70  116.69
 301810.940  1012.218   -61.86  104.15
 302099.570   993.207   -65.85  104.73
 302388.190   965.552   -95.80  110.78
 302676.801   939.635   -89.78  115.48
 302965.401   922.327   -59.96  114.84
 303253.992   919.907    -8.38  114.41
 303542.574   912.329   -26.25  116.13
 303831.145   924.504    42.18  130.93
 304119.707   946.633    76.67  130.81
 304408.259   986.717   138.89  134.17
 304696.801  1002.254    53.84  140.22
 304985.334  1034.537   111.87  132.06
 305273.857  1036.028     5.17  124.71
 305562.370  1030.139   -20.41  118.05
 305850.873  1020.504   -33.39  122.62
 306139.366   995.771   -85.72  117.02
 306427.850   963.221  -112.81  117.45
 306716.325   971.799    29.73  121.63
 307004.789   977.231    18.83  131.99
 307293.244   982.285    17.52  137.86
 307581.689   980.080    -7.64  138.60
 307870.124   973.101   -24.19  127.84
 308158.549   940.787  -112.01  127.10
 308446.965   901.379  -136.61  124.29
 308735.371   863.964  -129.70  114.81
 309023.768   851.583   -42.92  102.23
 309312.154   854.212     9.11   99.26
 309600.531   850.085   -14.31   94.81
 309888.899   867.904    61.78  101.49
 310177.256   893.537    88.88  107.04
 310465.604   946.679   184.26  118.65
 310753.942   993.631   162.81  127.11
 311042.271  1037.488   152.08  121.08
 311330.590  1065.569    97.37  108.28
 311618.899  1100.552   121.32   88.19
 311907.198  1104.262    12.86   88.39
 312195.488  1103.601    -2.29   95.04
 312483.768  1075.060   -98.99  120.23
 312772.038  1042.317  -113.56  139.99
 313060.299  1016.165   -90.70  138.69
 313348.550   990.406   -89.35  126.62
 313636.791   956.487  -117.65  123.95
 313925.023   941.012   -53.68  118.51
 314213.245   913.615   -95.04  125.27
 314501.457   896.520   -59.30  140.28
 314789.660   863.781  -113.58  158.79
 315077.853   825.521  -132.73  155.20
 315366.036   780.237  -157.10  141.48
 315654.210   761.619   -64.60  130.38
 315942.373   765.885    14.80  128.32
 316230.528   762.710   -11.01  122.77
 316518.672   762.396    -1.09  115.11
 316806.807   756.218   -21.44  114.46
 317094.933   737.771   -64.01  127.99
 317383.048   715.254   -78.14  133.38
 317671.154   687.794   -95.29  123.97
 317959.251   664.389   -81.22   95.65
 318247.337   675.473    38.47  101.38
 318535.414   696.422    72.71  107.46
 318823.482   741.471   156.35  109.19
 319111.540   774.682   115.27  100.91
 319399.588   811.710   128.53   86.61
 319687.626   849.520   131.24   96.32
 319975.655   878.504   100.61  104.99
 320263.674   890.762    42.55  121.81
 320551.684   899.198    29.28  134.92
 320839.684   876.340   -79.35  169.96
 321127.674   879.307    10.30  201.44
 321415.655   846.165  -115.06  233.82
 321703.626   812.155  -118.08  263.65
 321991.587   750.044  -215.65  271.81
 322279.539   708.988  -142.55  268.84
 322567.481   639.037  -242.88  255.61
 322855.414   613.193   -89.74  241.30
 323143.337   554.160  -204.99  207.29
 323431.250   521.923  -111.95  177.95
 323719.154   496.098   -89.68  150.86
 324007.048   475.930   -70.04  130.82
 324294.933   468.054   -27.35  117.30
 324582.807   471.726    12.75  125.82
 324870.673   479.357    26.50  132.45
 325158.528   494.087    51.16  148.33
 325446.375   515.119    73.05  158.64
 325734.211   531.045    55.32  169.79
 326022.038   562.771   110.20  186.53
 326309.855   585.762    79.87  184.46
 326597.663   583.004    -9.58  178.92
 326885.461   609.750    92.91  169.71
 327173.532   617.822    28.01  156.07
 327463.402   624.923    24.50  130.92
 327753.262   603.012   -75.58  123.52
 328043.112   570.439  -112.36  120.97
 328332.953   536.327  -117.67  111.63
 328622.784   538.423     7.23  103.06
 328912.605   554.863    56.71  111.05
 329202.416   584.377   101.82  121.05
 329492.218   633.117   168.15  136.30
 329782.010   686.587   184.48  124.28
 330071.792   729.045   146.49  107.41
 330361.564   755.940    92.79  104.04
 330651.327   775.329    66.90  117.60
 330941.080   798.742    80.79  129.51
 331230.823   828.452   102.52  139.79
 331520.557   879.843   177.34  165.72
 331810.281   921.674   144.35  184.43
 332099.995   980.504   203.02  180.92
 332389.699  1037.647   197.21  156.44
 332679.394  1083.939   159.76  126.70
 332969.079  1117.530   115.94   78.71
