#   11.006   0.006   2.319 ;Mean Elev.(m), Avg Gradient(m/km), RMS Gradient(m/km) - SRTM1     
#   10.021   0.076   2.561 ;Mean Elev.(m), Avg Gradient(m/km), RMS Gradient(m/km) - ASTER GDEM
#   11.000  -0.019   2.689 ;Mean Elev.(m), Avg Gradient(m/km), RMS Gradient(m/km) - GMTED2010 
   1    20.287 54667.04319973 28.43  95.390601  18.221798  8.634 -100.00 -100.00 -100.00
   1    20.278 54667.04320032 27.14  95.391612  18.224270  7.712 -100.00 -100.00 -100.00
   1    20.474 54667.04320091 27.11  95.392622  18.226742  7.018 -100.00 -100.00 -100.00
   1    20.640 54667.04320150 26.85  95.393632  18.229214  7.132 -100.00 -100.00 -100.00
   2    19.707 54676.95884415 28.96  95.389479  18.222887 13.067 -100.00 -100.00 -100.00
   2    19.696 54676.95884474 28.83  95.390489  18.225360 13.231 -100.00 -100.00 -100.00
   2    19.920 54676.95884533 28.00  95.391499  18.227832  9.509 -100.00 -100.00 -100.00
   2    19.978 54676.95884592 32.72  95.392509  18.230304 24.136 -100.00 -100.00 -100.00
   3    20.035 54686.87448673 27.69  95.388847  18.222088  9.864 -100.00 -100.00 -100.00
   3    20.053 54686.87448732 26.34  95.389857  18.224561  7.672 -100.00 -100.00 -100.00
   3    20.069 54686.87448791 26.95  95.390867  18.227033  8.280 -100.00 -100.00 -100.00
   3    20.161 54686.87448850 26.43  95.391877  18.229505  7.444 -100.00 -100.00 -100.00
   4    20.326 54696.79012783 29.54  95.390744  18.221667 12.845 -100.00 -100.00 -100.00
   4    20.440 54696.79012842 28.02  95.391754  18.224139  9.739 -100.00 -100.00 -100.00
   4    20.229 54696.79012901 28.05  95.392765  18.226611 10.168 -100.00 -100.00 -100.00
   4    20.377 54696.79012960 27.97  95.393775  18.229083  9.418 -100.00 -100.00 -100.00
   5    21.102 54706.70576816 35.37  95.393583  18.221169 23.012 -100.00 -100.00 -100.00
   5    21.028 54706.70576875 33.14  95.394593  18.223641 17.781 -100.00 -100.00 -100.00
   5    20.816 54706.70576934 31.79  95.395603  18.226113 14.859 -100.00 -100.00 -100.00
   5    20.887 54706.70576993 30.64  95.396613  18.228585 11.562 -100.00 -100.00 -100.00
   5   -19.431 54706.70577052 13.46  95.397623  18.231057  3.048 -100.00 -100.00 -100.00
   6    19.878 54716.62142026 28.58  95.392747  18.222589 13.120 -100.00 -100.00 -100.00
   6    19.917 54716.62142085 27.83  95.393757  18.225061  9.813 -100.00 -100.00 -100.00
   6    19.850 54716.62142144 28.23  95.394768  18.227533  9.487 -100.00 -100.00 -100.00
   6    20.085 54716.62142203 29.08  95.395778  18.230005 13.627 -100.00 -100.00 -100.00
   7  -118.194 54726.53706966  3.23  95.390771  18.222638  2.300 -100.00 -100.00 -100.00
   7  -117.578 54726.53707025  3.21  95.391782  18.225110  2.076 -100.00 -100.00 -100.00
   7  -116.466 54726.53707084  3.30  95.392792  18.227582  2.470 -100.00 -100.00 -100.00
   7  -115.389 54726.53707143  3.35  95.393802  18.230054  2.185 -100.00 -100.00 -100.00
   8    20.155 54736.45271749 23.94  95.387312  18.222606  7.066 -100.00 -100.00 -100.00
   8    19.997 54736.45271808 23.59  95.388322  18.225078  8.527 -100.00 -100.00 -100.00
   8    19.499 54736.45271867 25.57  95.389333  18.227550 12.719 -100.00 -100.00 -100.00
   8    17.622 54736.45271926 27.29  95.390343  18.230022 15.950 -100.00 -100.00 -100.00
   9    20.173 54746.36836528 26.47  95.384495  18.224072 13.724 -100.00 -100.00 -100.00
   9    20.153 54746.36836587 24.00  95.385506  18.226544 10.777 -100.00 -100.00 -100.00
   9    19.694 54746.36836646 26.18  95.386516  18.229016 13.386 -100.00 -100.00 -100.00
   9    17.615 54746.36836705 29.68  95.387526  18.231488 23.260 -100.00 -100.00 -100.00
  10    19.922 54756.28401223 32.08  95.382242  18.222893 12.110 -100.00 -100.00 -100.00
  10    17.250 54756.28401282 32.05  95.383252  18.225365 14.269 -100.00 -100.00 -100.00
  10    17.410 54756.28401341 32.08  95.384262  18.227837 13.985 -100.00 -100.00 -100.00
  10    17.524 54756.28401400 33.82  95.385272  18.230310 17.800 -100.00 -100.00 -100.00
  11    15.166 54766.19965834 36.34  95.383666  18.224098 26.595 -100.00 -100.00 -100.00
  11    15.118 54766.19965893 36.31  95.384676  18.226571 27.895 -100.00 -100.00 -100.00
  11    15.157 54766.19965952 35.94  95.385686  18.229043 23.824 -100.00 -100.00 -100.00
  11    15.150 54766.19966011 37.91  95.386697  18.231515 32.157 -100.00 -100.00 -100.00
  12    20.079 54776.11530130 25.05  95.386296  18.224635  7.668 -100.00 -100.00 -100.00
  12    19.836 54776.11530189 23.93  95.387306  18.227107  6.054 -100.00 -100.00 -100.00
  12    17.777 54776.11530248 25.31  95.388317  18.229579  9.211 -100.00 -100.00 -100.00
  13    19.841 54786.03094097 24.25  95.387196  18.222532  9.899 -100.00 -100.00 -100.00
  13    19.620 54786.03094156 23.24  95.388206  18.225004  9.033 -100.00 -100.00 -100.00
  13    17.726 54786.03094215 25.09  95.389217  18.227476 11.878 -100.00 -100.00 -100.00
  13    15.067 54786.03094274 26.04  95.390227  18.229948 12.662 -100.00 -100.00 -100.00
  14    18.219 54795.94657949 25.69  95.388028  18.222533 12.536 -100.00 -100.00 -100.00
  14    17.832 54795.94658008 25.75  95.389039  18.225005 12.466 -100.00 -100.00 -100.00
  14    13.576 54795.94658067 29.35  95.390049  18.227477 20.608 -100.00 -100.00 -100.00
  14    13.527 54795.94658126 32.88  95.391060  18.229950   -100 -100.00 -100.00 -100.00
  15    12.844 54805.86221728 52.65  95.389500  18.222482   -100 -100.00 -100.00 -100.00
  15    12.862 54805.86221788 45.28  95.390510  18.224955  1.101 -100.00 -100.00 -100.00
  15    12.837 54805.86221847 42.65  95.391521  18.227427  5.924 -100.00 -100.00 -100.00
  15    12.777 54805.86221906 46.66  95.392531  18.229899 26.641 -100.00 -100.00 -100.00
  16    12.474 54815.77785454 40.25  95.392065  18.222403   -100 -100.00 -100.00 -100.00
  16    12.268 54815.77785513 40.07  95.393076  18.224876   -100 -100.00 -100.00 -100.00
  16    12.446 54815.77785572 44.76  95.394086  18.227348  0.075 -100.00 -100.00 -100.00
  16    12.596 54815.77785631 46.03  95.395096  18.229820   -100 -100.00 -100.00 -100.00
  17    12.341 54825.69350135 48.46  95.391459  18.222421   -100 -100.00 -100.00 -100.00
  17    12.388 54825.69350194 46.02  95.392469  18.224893   -100 -100.00 -100.00 -100.00
  17    12.327 54825.69350253 51.41  95.393479  18.227365  1.596 -100.00 -100.00 -100.00
  17    12.058 54825.69350312 52.17  95.394490  18.229838 24.859 -100.00 -100.00 -100.00
  18    12.062 54835.60914072 55.33  95.388952  18.223633  4.704 -100.00 -100.00 -100.00
  18    12.104 54835.60914131 51.19  95.389962  18.226106   -100 -100.00 -100.00 -100.00
  18    12.100 54835.60914190 54.54  95.390973  18.228578   -100 -100.00 -100.00 -100.00
  19    11.922 54845.52479021 48.86  95.385314  18.224172   -100 -100.00 -100.00 -100.00
  19    11.830 54845.52479080 49.86  95.386324  18.226644   -100 -100.00 -100.00 -100.00
  19    11.942 54845.52479139 53.17  95.387334  18.229117   -100 -100.00 -100.00 -100.00
  20    19.545 54855.44043937 30.22  95.382820  18.224954 30.806 -100.00 -100.00 -100.00
  20    19.349 54855.44043996 28.95  95.383830  18.227426 27.449 -100.00 -100.00 -100.00
  20    19.587 54855.44044055 25.69  95.384841  18.229899 14.888 -100.00 -100.00 -100.00
  20    19.401 54855.44044114 23.72  95.385851  18.232371 11.531 -100.00 -100.00 -100.00
  21    11.980 54865.35608844 41.63  95.381170  18.224810 21.025 -100.00 -100.00 -100.00
  21    11.541 54865.35608903 46.05  95.382180  18.227282   -100 -100.00 -100.00 -100.00
  21    11.401 54865.35608962 44.51  95.383191  18.229755   -100 -100.00 -100.00 -100.00
  21    11.210 54865.35609022 46.32  95.384201  18.232227  7.055 -100.00 -100.00 -100.00
  22    19.810 54875.27173755 30.04  95.381229  18.225797 24.607 -100.00 -100.00 -100.00
  22    19.705 54875.27173814 30.53  95.382240  18.228269 29.638 -100.00 -100.00 -100.00
  22    19.542 54875.27173873 28.17  95.383250  18.230742 22.519 -100.00 -100.00 -100.00
  22    19.550 54875.27173932 25.03  95.384261  18.233214 13.844 -100.00 -100.00 -100.00
  23    10.853 54885.18738326 40.82  95.381514  18.223970   -100 -100.00 -100.00 -100.00
  23    10.727 54885.18738385 40.92  95.382524  18.226443   -100 -100.00 -100.00 -100.00
  23    10.800 54885.18738444 39.18  95.383534  18.228916   -100 -100.00 -100.00 -100.00
  23    10.743 54885.18738503 39.20  95.384545  18.231388   -100 -100.00 -100.00 -100.00
  24    19.540 54895.10302572 27.48  95.382038  18.223618 19.294 -100.00 -100.00 -100.00
  24    19.389 54895.10302631 26.39  95.383049  18.226090 17.590 -100.00 -100.00 -100.00
  24    19.110 54895.10302690 25.82  95.384060  18.228563 17.385 -100.00 -100.00 -100.00
  24    19.310 54895.10302749 24.36  95.385070  18.231036 12.304 -100.00 -100.00 -100.00
  25    19.505 54905.01866508 29.93  95.381605  18.222694 21.903 -100.00 -100.00 -100.00
  25    19.440 54905.01866568 25.40  95.382615  18.225166  9.722 -100.00 -100.00 -100.00
  25    19.562 54905.01866627 24.17  95.383626  18.227639  8.424 -100.00 -100.00 -100.00
  25    19.076 54905.01866686 25.45  95.384637  18.230112 11.177 -100.00 -100.00 -100.00
  26    19.390 54914.93430376 25.55  95.382837  18.224856 19.367 -100.00 -100.00 -100.00
  26    19.561 54914.93430435 23.43  95.383848  18.227328 14.202 -100.00 -100.00 -100.00
  26    18.263 54914.93430494 26.54  95.384858  18.229801 24.743 -100.00 -100.00 -100.00
  26    17.838 54914.93430553 27.78  95.385869  18.232273 28.527 -100.00 -100.00 -100.00
  27    19.356 54924.84994105 25.91  95.383281  18.223434 14.376 -100.00 -100.00 -100.00
  27    18.706 54924.84994164 27.85  95.384292  18.225906 23.664 -100.00 -100.00 -100.00
  27    10.772 54924.84994223 27.68  95.385302  18.228379 23.876 -100.00 -100.00 -100.00
  27    11.629 54924.84994282 26.47  95.386313  18.230851 17.677 -100.00 -100.00 -100.00
  28    11.108 54934.76557825 38.64  95.386261  18.224189   -100 -100.00 -100.00 -100.00
  28    11.278 54934.76557884 36.40  95.387271  18.226661   -100 -100.00 -100.00 -100.00
  28    11.423 54934.76557943 36.68  95.388281  18.229134   -100 -100.00 -100.00 -100.00
  29    11.309 54944.68121332 35.34  95.390423  18.223511   -100 -100.00 -100.00 -100.00
  29    11.346 54944.68121391 39.08  95.391434  18.225983   -100 -100.00 -100.00 -100.00
  29    11.516 54944.68121450 41.99  95.392444  18.228456   -100 -100.00 -100.00 -100.00
  30    11.142 54954.59684624 28.16  95.395362  18.222985 18.034 -100.00 -100.00 -100.00
  30    11.080 54954.59684683 35.61  95.396372  18.225458   -100 -100.00 -100.00 -100.00
  30    11.574 54954.59684742 37.79  95.397383  18.227930   -100 -100.00 -100.00 -100.00
  30    11.611 54954.59684801 37.85  95.398393  18.230403   -100 -100.00 -100.00 -100.00
  31    10.907 54964.51249152 37.70  95.393541  18.220952   -100 -100.00 -100.00 -100.00
  31    10.666 54964.51249211 39.22  95.394551  18.223425   -100 -100.00 -100.00 -100.00
  31    10.609 54964.51249270 42.60  95.395562  18.225897   -100 -100.00 -100.00 -100.00
  31    10.619 54964.51249329 43.47  95.396573  18.228369   -100 -100.00 -100.00 -100.00
  31    10.831 54964.51249388 43.63  95.397583  18.230842   -100 -100.00 -100.00 -100.00
  32    18.206 54974.42813961 18.72  95.390917  18.221484  9.887 -100.00 -100.00 -100.00
  32    17.388 54974.42814020 23.60  95.391928  18.223956 18.718 -100.00 -100.00 -100.00
  32    11.674 54974.42814079 24.32  95.392938  18.226428 20.790 -100.00 -100.00 -100.00
  32    11.612 54974.42814138 26.61  95.393949  18.228901 30.155 -100.00 -100.00 -100.00
  34   -55.175 54994.25943575  8.42  95.389202  18.224219  2.238 -100.00 -100.00 -100.00
  34   -52.429 54994.25943634  8.49  95.390212  18.226692  2.101 -100.00 -100.00 -100.00
  34   -50.839 54994.25943693  8.85  95.391223  18.229164  2.502 -100.00 -100.00 -100.00
  35    18.976 55004.17508222 25.08  95.388530  18.224189 10.917 -100.00 -100.00 -100.00
  35    18.804 55004.17508281 23.17  95.389540  18.226662  7.969 -100.00 -100.00 -100.00
  35    19.124 55004.17508340 22.95  95.390551  18.229134  7.483 -100.00 -100.00 -100.00
  36    19.212 55014.09072618 25.97  95.386902  18.223282 11.951 -100.00 -100.00 -100.00
  36    18.994 55014.09072677 25.75  95.387912  18.225754 12.570 -100.00 -100.00 -100.00
  36    18.764 55014.09072736 24.90  95.388922  18.228227 10.986 -100.00 -100.00 -100.00
  36    18.262 55014.09072795 26.00  95.389933  18.230699 14.971 -100.00 -100.00 -100.00
  37    19.588 55024.00636865 30.07  95.385405  18.222544 12.722 -100.00 -100.00 -100.00
  37    19.201 55024.00636924 30.55  95.386416  18.225017 16.577 -100.00 -100.00 -100.00
  37    18.964 55024.00636983 29.13  95.387426  18.227489 12.502 -100.00 -100.00 -100.00
  37    18.973 55024.00637042 30.79  95.388436  18.229961 17.320 -100.00 -100.00 -100.00
  38    20.129 55033.92201068 30.24  95.384981  18.223283  8.752 -100.00 -100.00 -100.00
  38    19.840 55033.92201127 30.11  95.385991  18.225755  8.944 -100.00 -100.00 -100.00
  38    19.444 55033.92201186 30.58  95.387001  18.228227 10.043 -100.00 -100.00 -100.00
  38    19.453 55033.92201246 31.01  95.388012  18.230700 10.924 -100.00 -100.00 -100.00
  39    19.717 55043.83765175 29.64  95.385955  18.222513 17.318 -100.00 -100.00 -100.00
  39    19.699 55043.83765234 26.45  95.386965  18.224985 10.497 -100.00 -100.00 -100.00
  39    19.408 55043.83765294 27.14  95.387976  18.227457 12.876 -100.00 -100.00 -100.00
  39    17.331 55043.83765353 29.86  95.388986  18.229929 23.613 -100.00 -100.00 -100.00
  40    19.296 55053.75329158 28.22  95.389817  18.222606 11.688 -100.00 -100.00 -100.00
  40    19.179 55053.75329217 28.39  95.390827  18.225078 12.509 -100.00 -100.00 -100.00
  40    19.192 55053.75329276 27.79  95.391837  18.227550 12.169 -100.00 -100.00 -100.00
  40    19.573 55053.75329335 29.84  95.392847  18.230022 16.087 -100.00 -100.00 -100.00
  41    18.512 55063.66892899 47.88  95.393197  18.221645  4.979 -100.00 -100.00 -100.00
  41    18.493 55063.66892958 55.95  95.394207  18.224117   -100 -100.00 -100.00 -100.00
  41    18.519 55063.66893017 53.34  95.395218  18.226589   -100 -100.00 -100.00 -100.00
  41    18.549 55063.66893076 54.33  95.396228  18.229061   -100 -100.00 -100.00 -100.00
  42    20.095 55073.58457416 30.38  95.391856  18.221091 11.941 -100.00 -100.00 -100.00
  42    19.877 55073.58457475 30.36  95.392866  18.223563 11.948 -100.00 -100.00 -100.00
  42    20.093 55073.58457534 29.81  95.393877  18.226035 10.693 -100.00 -100.00 -100.00
  42    20.114 55073.58457593 32.16  95.394887  18.228507 14.794 -100.00 -100.00 -100.00
  43    19.126 55083.50022223 30.47  95.388706  18.222242 11.943 -100.00 -100.00 -100.00
  43    18.633 55083.50022282 31.74  95.389716  18.224714 15.234 -100.00 -100.00 -100.00
  43    18.509 55083.50022341 31.44  95.390727  18.227186 14.429 -100.00 -100.00 -100.00
  43    18.397 55083.50022400 32.92  95.391737  18.229658 16.827 -100.00 -100.00 -100.00
  44    20.037 55093.41586904 25.26  95.385809  18.223162  9.672 -100.00 -100.00 -100.00
  44    19.865 55093.41586963 26.56  95.386819  18.225634 12.905 -100.00 -100.00 -100.00
  44    18.202 55093.41587022 27.15  95.387829  18.228106 14.366 -100.00 -100.00 -100.00
  44    17.642 55093.41587081 27.25  95.388840  18.230578 13.959 -100.00 -100.00 -100.00
  45    19.539 55103.33151582 44.21  95.384360  18.223405   -100 -100.00 -100.00 -100.00
  45    19.282 55103.33151641 43.54  95.385370  18.225877   -100 -100.00 -100.00 -100.00
  45    19.350 55103.33151700 45.48  95.386381  18.228349   -100 -100.00 -100.00 -100.00
  45    19.350 55103.33151759 48.20  95.387391  18.230821  3.193 -100.00 -100.00 -100.00
  46    17.905 55113.24716254 34.90  95.384329  18.223785 20.143 -100.00 -100.00 -100.00
  46    17.891 55113.24716313 36.69  95.385339  18.226257 31.110 -100.00 -100.00 -100.00
  46    17.933 55113.24716372 41.86  95.386349  18.228730   -100 -100.00 -100.00 -100.00
  46    18.217 55113.24716431 41.62  95.387360  18.231202   -100 -100.00 -100.00 -100.00
  47    18.248 55123.16280712 39.21  95.386002  18.224812   -100 -100.00 -100.00 -100.00
  47    18.170 55123.16280771 39.01  95.387012  18.227284   -100 -100.00 -100.00 -100.00
  47    18.213 55123.16280830 44.01  95.388023  18.229757   -100 -100.00 -100.00 -100.00
  48    17.867 55133.07844838 28.97  95.387280  18.224393 11.693 -100.00 -100.00 -100.00
  48    15.141 55133.07844898 28.95  95.388290  18.226865 11.334 -100.00 -100.00 -100.00
  48    15.188 55133.07844957 29.89  95.389301  18.229337 13.574 -100.00 -100.00 -100.00
  49    13.672 55142.99408745 35.04  95.388075  18.224627   -100 -100.00 -100.00 -100.00
  49    13.739 55142.99408804 35.00  95.389085  18.227100 32.694 -100.00 -100.00 -100.00
  49    13.791 55142.99408863 37.64  95.390096  18.229572   -100 -100.00 -100.00 -100.00
  50    12.839 55152.90972550 32.28  95.388156  18.224510 25.791 -100.00 -100.00 -100.00
  50    12.896 55152.90972609 34.11  95.389167  18.226983   -100 -100.00 -100.00 -100.00
  50    13.024 55152.90972668 33.07  95.390177  18.229455 26.453 -100.00 -100.00 -100.00
  51    13.389 55162.82536382 45.47  95.389257  18.224285 15.338 -100.00 -100.00 -100.00
  51    13.309 55162.82536441 36.01  95.390267  18.226757   -100 -100.00 -100.00 -100.00
  51    13.548 55162.82536500 35.45  95.391278  18.229229 31.899 -100.00 -100.00 -100.00
  52    12.164 55172.74100152 53.36  95.390973  18.222387   -100 -100.00 -100.00 -100.00
  52    12.255 55172.74100211 48.60  95.391983  18.224859 20.992 -100.00 -100.00 -100.00
  52    12.373 55172.74100270 51.08  95.392993  18.227332  3.200 -100.00 -100.00 -100.00
  52    12.079 55172.74100329 52.26  95.394004  18.229804 16.981 -100.00 -100.00 -100.00
  53    11.694 55182.65663783 44.45  95.393686  18.220916   -100 -100.00 -100.00 -100.00
  53    11.417 55182.65663842 40.74  95.394696  18.223388   -100 -100.00 -100.00 -100.00
  53    11.449 55182.65663901 36.81  95.395707  18.225860   -100 -100.00 -100.00 -100.00
  53    11.528 55182.65663960 45.53  95.396717  18.228333  3.556 -100.00 -100.00 -100.00
  53    12.341 55182.65664019 43.82  95.397727  18.230805 26.242 -100.00 -100.00 -100.00
  54    11.597 55192.57228899 53.19  95.390567  18.221887 10.763 -100.00 -100.00 -100.00
  54    11.450 55192.57228958 45.45  95.391577  18.224359   -100 -100.00 -100.00 -100.00
  54    11.408 55192.57229017 43.69  95.392588  18.226831   -100 -100.00 -100.00 -100.00
  54    11.515 55192.57229076 52.10  95.393598  18.229304   -100 -100.00 -100.00 -100.00
  55    11.325 55202.48793902 50.42  95.386409  18.223014 24.352 -100.00 -100.00 -100.00
  55    11.609 55202.48793961 51.01  95.387419  18.225487   -100 -100.00 -100.00 -100.00
  55    11.369 55202.48794020 52.35  95.388430  18.227959 25.632 -100.00 -100.00 -100.00
  55    11.511 55202.48794079 53.98  95.389440  18.230432  0.662 -100.00 -100.00 -100.00
  56    19.013 55212.40358845 31.24  95.383046  18.222967 18.176 -100.00 -100.00 -100.00
  56    18.859 55212.40358904 30.75  95.384057  18.225440 16.318 -100.00 -100.00 -100.00
  56    18.638 55212.40358963 31.16  95.385067  18.227912 21.931 -100.00 -100.00 -100.00
  56    11.161 55212.40359022 33.17  95.386077  18.230385 29.308 -100.00 -100.00 -100.00
  57    10.875 55222.31923783 40.80  95.382272  18.223382   -100 -100.00 -100.00 -100.00
  57    11.011 55222.31923842 41.91  95.383283  18.225855   -100 -100.00 -100.00 -100.00
  57    11.067 55222.31923901 42.84  95.384293  18.228328   -100 -100.00 -100.00 -100.00
  57    10.986 55222.31923960 39.89  95.385304  18.230800   -100 -100.00 -100.00 -100.00
  58    10.921 55232.23488620 41.96  95.383109  18.224402   -100 -100.00 -100.00 -100.00
  58    10.822 55232.23488679 44.72  95.384119  18.226875   -100 -100.00 -100.00 -100.00
  58    10.558 55232.23488738 37.65  95.385130  18.229347 32.674 -100.00 -100.00 -100.00
  58    10.601 55232.23488797 35.61  95.386140  18.231820 26.182 -100.00 -100.00 -100.00
  59    10.505 55242.15053084 49.29  95.384133  18.223185  7.026 -100.00 -100.00 -100.00
  59    10.749 55242.15053143 51.98  95.385143  18.225657   -100 -100.00 -100.00 -100.00
  59    10.526 55242.15053202 55.41  95.386154  18.228130   -100 -100.00 -100.00 -100.00
  59    10.704 55242.15053261 49.66  95.387165  18.230603   -100 -100.00 -100.00 -100.00
  60    10.425 55252.06617241 34.00  95.384587  18.224729   -100 -100.00 -100.00 -100.00
  60    10.273 55252.06617300 32.47  95.385598  18.227201 31.043 -100.00 -100.00 -100.00
  60    10.564 55252.06617359 34.76  95.386608  18.229674   -100 -100.00 -100.00 -100.00
  61    19.279 55261.98181066 25.93  95.382799  18.223449  8.507 -100.00 -100.00 -100.00
  61    10.291 55261.98181125 30.09  95.383810  18.225921 20.767 -100.00 -100.00 -100.00
  61    10.963 55261.98181184 29.08  95.384820  18.228394 17.500 -100.00 -100.00 -100.00
  61    11.022 55261.98181243 34.01  95.385831  18.230866   -100 -100.00 -100.00 -100.00
  62    11.055 55271.89744833 44.99  95.383196  18.224334   -100 -100.00 -100.00 -100.00
  62    11.152 55271.89744892 51.48  95.384207  18.226807   -100 -100.00 -100.00 -100.00
  62    10.818 55271.89744951 54.02  95.385217  18.229279   -100 -100.00 -100.00 -100.00
  62    11.028 55271.89745010 42.44  95.386228  18.231752   -100 -100.00 -100.00 -100.00
  63    18.549 55281.81308563 28.34  95.385297  18.223684 29.062 -100.00 -100.00 -100.00
  63    10.452 55281.81308622 28.82  95.386307  18.226156   -100 -100.00 -100.00 -100.00
  63    10.839 55281.81308681 29.97  95.387318  18.228629   -100 -100.00 -100.00 -100.00
  63    10.660 55281.81308740 31.15  95.388329  18.231101   -100 -100.00 -100.00 -100.00
  64    11.116 55291.72872183 45.08  95.389047  18.222773   -100 -100.00 -100.00 -100.00
  64    10.895 55291.72872242 45.40  95.390057  18.225245 10.836 -100.00 -100.00 -100.00
  64    11.013 55291.72872301 44.26  95.391068  18.227718   -100 -100.00 -100.00 -100.00
  64    10.670 55291.72872360 50.57  95.392078  18.230190   -100 -100.00 -100.00 -100.00
  65    13.033 55301.64435561 29.06  95.392957  18.220874 30.972 -100.00 -100.00 -100.00
  65    13.313 55301.64435620 31.32  95.393967  18.223347 27.899 -100.00 -100.00 -100.00
  65    13.209 55301.64435679 32.03  95.394978  18.225819 31.165 -100.00 -100.00 -100.00
  65    13.225 55301.64435738 35.38  95.395988  18.228291   -100 -100.00 -100.00 -100.00
  65    12.895 55301.64435797 40.24  95.396999  18.230764 26.524 -100.00 -100.00 -100.00
  66    12.388 55311.56000307 26.54  95.391799  18.221433 14.318 -100.00 -100.00 -100.00
  66    12.342 55311.56000366 29.71  95.392809  18.223905 23.360 -100.00 -100.00 -100.00
  66    12.384 55311.56000425 23.98  95.393820  18.226377  9.213 -100.00 -100.00 -100.00
  66    12.089 55311.56000484 33.29  95.394831  18.228850   -100 -100.00 -100.00 -100.00
  67    14.837 55321.47564847 33.02  95.390102  18.222543 25.861 -100.00 -100.00 -100.00
  67    14.842 55321.47564906 34.95  95.391113  18.225016   -100 -100.00 -100.00 -100.00
  67    14.825 55321.47564965 36.08  95.392123  18.227488   -100 -100.00 -100.00 -100.00
  67    14.632 55321.47565024 39.99  95.393134  18.229961   -100 -100.00 -100.00 -100.00
  68    12.491 55331.39129320 44.31  95.388758  18.224652   -100 -100.00 -100.00 -100.00
  68    12.295 55331.39129379 44.17  95.389768  18.227124  7.858 -100.00 -100.00 -100.00
  68    12.595 55331.39129438 46.23  95.390779  18.229596   -100 -100.00 -100.00 -100.00
  69    20.125 55341.30693712 25.36  95.386868  18.222858  8.417 -100.00 -100.00 -100.00
  69    19.368 55341.30693771 25.79  95.387878  18.225330 10.921 -100.00 -100.00 -100.00
  69    18.830 55341.30693830 27.66  95.388889  18.227803 12.510 -100.00 -100.00 -100.00
  69    18.238 55341.30693889 29.24  95.389899  18.230275 18.952 -100.00 -100.00 -100.00
  70    14.672 55351.22258189 39.21  95.388247  18.224713   -100 -100.00 -100.00 -100.00
  70    14.689 55351.22258248 41.87  95.389257  18.227185   -100 -100.00 -100.00 -100.00
  70    14.853 55351.22258307 39.44  95.390268  18.229658   -100 -100.00 -100.00 -100.00
  71    18.978 55361.13822395 24.10  95.389337  18.224352  9.564 -100.00 -100.00 -100.00
  71    18.678 55361.13822454 24.02  95.390347  18.226825  8.961 -100.00 -100.00 -100.00
  71    17.950 55361.13822513 26.31  95.391357  18.229297 14.167 -100.00 -100.00 -100.00
  72    18.845 55371.05386329 24.14  95.388864  18.222597  9.236 -100.00 -100.00 -100.00
  72    18.659 55371.05386389 23.66  95.389874  18.225070  9.306 -100.00 -100.00 -100.00
  72    17.965 55371.05386448 25.88  95.390885  18.227542 15.442 -100.00 -100.00 -100.00
  72    17.133 55371.05386507 29.32  95.391895  18.230014 25.852 -100.00 -100.00 -100.00
  73    19.144 55380.96950136 28.14  95.388843  18.222437 11.933 -100.00 -100.00 -100.00
  73    19.301 55380.96950195 27.40  95.389853  18.224909  9.694 -100.00 -100.00 -100.00
  73    19.236 55380.96950254 27.17  95.390863  18.227381  9.407 -100.00 -100.00 -100.00
  73    19.487 55380.96950313 27.63  95.391874  18.229854 10.758 -100.00 -100.00 -100.00
  74    19.875 55390.88513884 30.19  95.389936  18.223259 13.067 -100.00 -100.00 -100.00
  74    19.761 55390.88513943 33.89  95.390946  18.225731 23.321 -100.00 -100.00 -100.00
  74    19.801 55390.88514002 31.25  95.391956  18.228203 16.542 -100.00 -100.00 -100.00
  74    19.957 55390.88514061 35.45  95.392967  18.230675 28.439 -100.00 -100.00 -100.00
  75    19.434 55400.80077475 27.66  95.392440  18.221813 11.367 -100.00 -100.00 -100.00
  75    19.475 55400.80077534 27.10  95.393450  18.224285 11.193 -100.00 -100.00 -100.00
  75    19.157 55400.80077593 27.70  95.394460  18.226758 13.051 -100.00 -100.00 -100.00
  75    19.293 55400.80077652 28.25  95.395470  18.229230 14.949 -100.00 -100.00 -100.00
  76    20.492 55410.71642335 28.95  95.393546  18.222567 10.245 -100.00 -100.00 -100.00
  76    20.487 55410.71642394 28.99  95.394557  18.225039 10.400 -100.00 -100.00 -100.00
  76    20.444 55410.71642453 28.98  95.395567  18.227511 10.207 -100.00 -100.00 -100.00
  76    20.338 55410.71642512 29.95  95.396577  18.229983 13.954 -100.00 -100.00 -100.00
  77    20.237 55420.63207309 30.14  95.392925  18.222983 12.027 -100.00 -100.00 -100.00
  77    19.999 55420.63207368 29.72  95.393936  18.225455 10.960 -100.00 -100.00 -100.00
  77    20.066 55420.63207427 30.39  95.394946  18.227927 15.122 -100.00 -100.00 -100.00
  77    20.193 55420.63207486 29.59  95.395956  18.230399 11.992 -100.00 -100.00 -100.00
  78    19.464 55430.54771934 26.50  95.390068  18.221384  8.434 -100.00 -100.00 -100.00
  78    19.195 55430.54771993 26.05  95.391079  18.223856  7.563 -100.00 -100.00 -100.00
  78    18.648 55430.54772052 28.28  95.392089  18.226328 11.186 -100.00 -100.00 -100.00
  78    18.660 55430.54772111 30.50  95.393100  18.228800 17.739 -100.00 -100.00 -100.00
  79    19.790 55440.46336424 29.24  95.387393  18.223376 12.306 -100.00 -100.00 -100.00
  79    19.791 55440.46336483 28.74  95.388403  18.225848  9.319 -100.00 -100.00 -100.00
  79    19.935 55440.46336542 28.28  95.389413  18.228320  9.170 -100.00 -100.00 -100.00
  79    19.947 55440.46336601 31.16  95.390424  18.230792 17.100 -100.00 -100.00 -100.00
  80    19.906 55450.37900768 26.07  95.385403  18.223912 12.950 -100.00 -100.00 -100.00
  80    18.600 55450.37900827 28.51  95.386413  18.226384 20.074 -100.00 -100.00 -100.00
  80    19.415 55450.37900886 26.93  95.387423  18.228856 13.367 -100.00 -100.00 -100.00
  80    18.673 55450.37900945 28.39  95.388434  18.231328 17.935 -100.00 -100.00 -100.00
  81    19.486 55460.29465072 32.58  95.385737  18.223662 12.314 -100.00 -100.00 -100.00
  81    19.551 55460.29465131 34.88  95.386747  18.226134 17.472 -100.00 -100.00 -100.00
  81    19.685 55460.29465190 35.49  95.387757  18.228606 18.447 -100.00 -100.00 -100.00
  81    19.776 55460.29465249 39.64  95.388768  18.231078 28.254 -100.00 -100.00 -100.00
  82    19.439 55470.21029319 26.61  95.388440  18.224547 10.271 -100.00 -100.00 -100.00
  82    18.236 55470.21029378 26.84  95.389451  18.227019 11.468 -100.00 -100.00 -100.00
  82    18.390 55470.21029437 27.31  95.390461  18.229491 11.254 -100.00 -100.00 -100.00
  83    19.402 55480.12593183 25.07  95.390311  18.222267 10.037 -100.00 -100.00 -100.00
  83    19.005 55480.12593242 25.44  95.391321  18.224739 10.507 -100.00 -100.00 -100.00
  83    18.840 55480.12593301 26.93  95.392332  18.227211 12.899 -100.00 -100.00 -100.00
  83    18.723 55480.12593360 31.61  95.393342  18.229683 27.626 -100.00 -100.00 -100.00
  84    20.527 55490.04156827 27.59  95.392543  18.222674 12.890 -100.00 -100.00 -100.00
  84    20.286 55490.04156886 28.53  95.393554  18.225146 13.231 -100.00 -100.00 -100.00
  84    20.259 55490.04156945 27.62  95.394564  18.227618 11.669 -100.00 -100.00 -100.00
  84    20.181 55490.04157005 27.44  95.395575  18.230091 12.728 -100.00 -100.00 -100.00
  85    18.861 55499.95720178 34.95  95.393311  18.221140 16.266 -100.00 -100.00 -100.00
  85    18.604 55499.95720237 39.61  95.394321  18.223612   -100 -100.00 -100.00 -100.00
  85    18.619 55499.95720296 41.07  95.395331  18.226084   -100 -100.00 -100.00 -100.00
  85    18.702 55499.95720355 36.78  95.396342  18.228556 22.130 -100.00 -100.00 -100.00
  85    18.637 55499.95720414 37.04  95.397352  18.231028 22.142 -100.00 -100.00 -100.00
  86    15.644 55509.87284280 25.29  95.391996  18.221109 12.950 -100.00 -100.00 -100.00
  86    16.163 55509.87284339 25.41  95.393006  18.223582 11.219 -100.00 -100.00 -100.00
  86    16.419 55509.87284398 25.81  95.394016  18.226054 12.607 -100.00 -100.00 -100.00
  86    15.346 55509.87284457 28.24  95.395027  18.228526 18.428 -100.00 -100.00 -100.00
  87    14.374 55519.78849270 54.48  95.389930  18.223164 18.941 -100.00 -100.00 -100.00
  87    14.373 55519.78849329 51.50  95.390940  18.225636 17.275 -100.00 -100.00 -100.00
  87    14.392 55519.78849388 51.59  95.391951  18.228108   -100 -100.00 -100.00 -100.00
  87    14.228 55519.78849447 54.27  95.392961  18.230581  6.213 -100.00 -100.00 -100.00
  88    13.821 55529.70414142 52.58  95.388947  18.223807 28.086 -100.00 -100.00 -100.00
  88    13.970 55529.70414201 47.20  95.389957  18.226279  0.615 -100.00 -100.00 -100.00
  88    14.022 55529.70414260 52.65  95.390967  18.228751  0.224 -100.00 -100.00 -100.00
  89    17.928 55539.61978830 27.21  95.388168  18.223298 24.893 -100.00 -100.00 -100.00
  89    13.245 55539.61978889 29.94  95.389178  18.225770   -100 -100.00 -100.00 -100.00
  89    13.411 55539.61978948 31.06  95.390189  18.228242   -100 -100.00 -100.00 -100.00
  89    13.558 55539.61979007 32.14  95.391199  18.230714   -100 -100.00 -100.00 -100.00
  90    13.321 55549.53543309 32.19  95.387011  18.222633 18.313 -100.00 -100.00 -100.00
  90    13.222 55549.53543368 37.13  95.388022  18.225106   -100 -100.00 -100.00 -100.00
  90    13.217 55549.53543427 40.14  95.389032  18.227578   -100 -100.00 -100.00 -100.00
  90    13.477 55549.53543486 40.15  95.390042  18.230050   -100 -100.00 -100.00 -100.00
  91    19.214 55559.45107674 25.57  95.385520  18.223816 13.012 -100.00 -100.00 -100.00
  91    12.398 55559.45107733 26.52  95.386530  18.226289 14.873 -100.00 -100.00 -100.00
  91    12.449 55559.45107792 31.96  95.387540  18.228761 28.556 -100.00 -100.00 -100.00
  91    12.892 55559.45107851 32.04  95.388551  18.231233 31.490 -100.00 -100.00 -100.00
  92    12.102 55569.36671973 49.70  95.384958  18.224779   -100 -100.00 -100.00 -100.00
  92    12.072 55569.36672032 51.67  95.385968  18.227252   -100 -100.00 -100.00 -100.00
  92    12.096 55569.36672091 36.33  95.386978  18.229724   -100 -100.00 -100.00 -100.00
  93    19.352 55579.28236137 23.74  95.385366  18.222921 13.519 -100.00 -100.00 -100.00
  93    19.008 55579.28236196 24.15  95.386376  18.225393 15.899 -100.00 -100.00 -100.00
  93    11.917 55579.28236255 27.57  95.387387  18.227866 25.078 -100.00 -100.00 -100.00
  93    11.975 55579.28236314 30.06  95.388397  18.230338   -100 -100.00 -100.00 -100.00
  94    18.527 55589.19800099 23.68  95.388290  18.222676 14.687 -100.00 -100.00 -100.00
  94    18.269 55589.19800158 25.13  95.389300  18.225148 19.216 -100.00 -100.00 -100.00
  94    11.791 55589.19800217 28.94  95.390311  18.227621 31.348 -100.00 -100.00 -100.00
  94    12.328 55589.19800276 29.19  95.391321  18.230094 22.002 -100.00 -100.00 -100.00
  95    17.739 55599.11363735 22.43  95.391908  18.221795 10.165 -100.00 -100.00 -100.00
  95    11.510 55599.11363794 27.58  95.392919  18.224268 22.201 -100.00 -100.00 -100.00
  95    11.580 55599.11363853 27.61  95.393929  18.226740 22.727 -100.00 -100.00 -100.00
  95    11.936 55599.11363912 29.83  95.394940  18.229213 27.701 -100.00 -100.00 -100.00
  96    11.206 55609.02927083 42.99  95.393903  18.220627  4.964 -100.00 -100.00 -100.00
  96    11.271 55609.02927142 38.05  95.394914  18.223100   -100 -100.00 -100.00 -100.00
  96    11.142 55609.02927201 38.39  95.395925  18.225572   -100 -100.00 -100.00 -100.00
  96    11.173 55609.02927260 38.50  95.396935  18.228045 32.285 -100.00 -100.00 -100.00
  96    11.403 55609.02927319 41.98  95.397946  18.230517   -100 -100.00 -100.00 -100.00
  97    11.163 55618.94490302 33.27  95.396083  18.222940 20.571 -100.00 -100.00 -100.00
  97    11.121 55618.94490361 33.54  95.397093  18.225412 21.895 -100.00 -100.00 -100.00
  97    11.048 55618.94490421 39.47  95.398104  18.227885   -100 -100.00 -100.00 -100.00
  98    11.179 55628.86055067 32.47  95.392648  18.223084   -100 -100.00 -100.00 -100.00
  98    11.157 55628.86055126 32.46  95.393659  18.225557   -100 -100.00 -100.00 -100.00
  98    11.388 55628.86055185 33.43  95.394669  18.228029   -100 -100.00 -100.00 -100.00
  98    11.179 55628.86055244 35.71  95.395680  18.230502   -100 -100.00 -100.00 -100.00
  99    11.146 55638.77620082 27.29  95.390188  18.221747 21.100 -100.00 -100.00 -100.00
  99    11.218 55638.77620141 34.58  95.391198  18.224220   -100 -100.00 -100.00 -100.00
  99    11.289 55638.77620200 33.27  95.392209  18.226692   -100 -100.00 -100.00 -100.00
  99    11.500 55638.77620259 35.54  95.393219  18.229165 32.245 -100.00 -100.00 -100.00
 100    10.958 55648.69184953 26.04  95.390736  18.222833 30.170 -100.00 -100.00 -100.00
 100    11.149 55648.69185012 25.97  95.391746  18.225305 29.358 -100.00 -100.00 -100.00
 100    11.165 55648.69185071 26.86  95.392757  18.227777 29.358 -100.00 -100.00 -100.00
 100    11.315 55648.69185130 26.25  95.393767  18.230250 26.563 -100.00 -100.00 -100.00
 101    11.998 55658.60749502 30.98  95.390996  18.223019 26.619 -100.00 -100.00 -100.00
 101    11.742 55658.60749561 32.95  95.392007  18.225492   -100 -100.00 -100.00 -100.00
 101    11.847 55658.60749620 37.24  95.393017  18.227964   -100 -100.00 -100.00 -100.00
 101    11.909 55658.60749679 37.18  95.394028  18.230437   -100 -100.00 -100.00 -100.00
 102    11.549 55668.52313630 29.92  95.389765  18.221425 21.623 -100.00 -100.00 -100.00
 102    11.374 55668.52313689 29.55  95.390776  18.223898 20.076 -100.00 -100.00 -100.00
 102    11.384 55668.52313748 36.99  95.391786  18.226370   -100 -100.00 -100.00 -100.00
 102    11.510 55668.52313807 35.49  95.392797  18.228842   -100 -100.00 -100.00 -100.00
 103    13.498 55678.43877600 23.97  95.389473  18.222566 19.760 -100.00 -100.00 -100.00
 103    11.309 55678.43877660 27.13  95.390483  18.225038 32.000 -100.00 -100.00 -100.00
 103    11.909 55678.43877719 28.02  95.391494  18.227510 22.841 -100.00 -100.00 -100.00
 103    11.875 55678.43877778 30.38  95.392504  18.229983 28.818 -100.00 -100.00 -100.00
 104    18.390 55688.35441386 21.25  95.390033  18.222810 10.437 -100.00 -100.00 -100.00
 104    11.878 55688.35441445 29.29  95.391043  18.225283   -100 -100.00 -100.00 -100.00
 104    12.037 55688.35441504 28.21  95.392054  18.227755 22.724 -100.00 -100.00 -100.00
 104    11.826 55688.35441563 31.38  95.393064  18.230228   -100 -100.00 -100.00 -100.00
 105    13.555 55698.27005033 24.95  95.391739  18.222445 19.179 -100.00 -100.00 -100.00
 105    12.840 55698.27005092 29.02  95.392749  18.224917 31.664 -100.00 -100.00 -100.00
 105    12.546 55698.27005151 29.33  95.393759  18.227390   -100 -100.00 -100.00 -100.00
 105    12.715 55698.27005210 31.20  95.394770  18.229862   -100 -100.00 -100.00 -100.00
 106    12.583 55708.18568700 28.35  95.394406  18.221941 24.326 -100.00 -100.00 -100.00
 106    12.561 55708.18568759 31.32  95.395416  18.224414   -100 -100.00 -100.00 -100.00
 106    12.509 55708.18568818 32.62  95.396427  18.226886   -100 -100.00 -100.00 -100.00
 106    12.861 55708.18568878 33.56  95.397437  18.229359 30.966 -100.00 -100.00 -100.00
 107    13.937 55718.10133759 27.79  95.391846  18.220870 27.505 -100.00 -100.00 -100.00
 107    14.219 55718.10133818 29.00  95.392856  18.223343 29.007 -100.00 -100.00 -100.00
 107    13.991 55718.10133877 30.19  95.393867  18.225815   -100 -100.00 -100.00 -100.00
 107    13.790 55718.10133936 33.65  95.394877  18.228288   -100 -100.00 -100.00 -100.00
 108    19.535 55728.01698582 22.72  95.389570  18.221734  6.899 -100.00 -100.00 -100.00
 108    19.356 55728.01698641 22.23  95.390580  18.224207  6.051 -100.00 -100.00 -100.00
 108    19.180 55728.01698700 23.50  95.391591  18.226679  9.827 -100.00 -100.00 -100.00
 108    17.599 55728.01698759 27.55  95.392601  18.229151 17.980 -100.00 -100.00 -100.00
 109    18.806 55737.93263282 25.44  95.388689  18.224584  8.481 -100.00 -100.00 -100.00
 109    18.566 55737.93263341 26.82  95.389700  18.227056 12.562 -100.00 -100.00 -100.00
 109    18.719 55737.93263400 26.68  95.390710  18.229529 10.771 -100.00 -100.00 -100.00
 110    18.717 55747.84827765 26.36  95.387157  18.223704 12.914 -100.00 -100.00 -100.00
 110    18.381 55747.84827824 27.46  95.388167  18.226177 13.270 -100.00 -100.00 -100.00
 110    18.118 55747.84827883 30.75  95.389177  18.228649 26.514 -100.00 -100.00 -100.00
 110    18.155 55747.84827942 31.23  95.390187  18.231121 26.705 -100.00 -100.00 -100.00
 111    19.246 55757.76392079 27.37  95.388047  18.224489 11.483 -100.00 -100.00 -100.00
 111    19.409 55757.76392138 27.37  95.389058  18.226961 10.970 -100.00 -100.00 -100.00
 111    19.530 55757.76392197 28.43  95.390068  18.229433 13.826 -100.00 -100.00 -100.00
 112    20.055 55767.67956059 34.05  95.389222  18.221715 19.980 -100.00 -100.00 -100.00
 112    20.162 55767.67956118 33.17  95.390232  18.224187 17.171 -100.00 -100.00 -100.00
 112    20.258 55767.67956177 36.64  95.391242  18.226659 27.048 -100.00 -100.00 -100.00
 112    20.233 55767.67956236 34.76  95.392253  18.229131 20.726 -100.00 -100.00 -100.00
 113    20.142 55777.59519828 30.43  95.392109  18.222216 13.768 -100.00 -100.00 -100.00
 113    20.140 55777.59519887 29.74  95.393119  18.224688 11.130 -100.00 -100.00 -100.00
 113    20.142 55777.59519946 29.78  95.394129  18.227160 13.180 -100.00 -100.00 -100.00
 113    20.173 55777.59520005 29.54  95.395140  18.229633 13.233 -100.00 -100.00 -100.00
 114    20.548 55787.51083349 32.83  95.394264  18.222545 13.998 -100.00 -100.00 -100.00
 114    20.601 55787.51083408 33.22  95.395275  18.225017 15.145 -100.00 -100.00 -100.00
 114    20.521 55787.51083467 33.34  95.396285  18.227489 16.827 -100.00 -100.00 -100.00
 114    20.349 55787.51083526 33.95  95.397296  18.229961 18.570 -100.00 -100.00 -100.00
 115    20.366 55797.42646750 33.62  95.395898  18.223261 17.370 -100.00 -100.00 -100.00
 115    20.278 55797.42646809 34.58  95.396908  18.225733 20.459 -100.00 -100.00 -100.00
 115    20.256 55797.42646868 32.54  95.397919  18.228205 15.618 -100.00 -100.00 -100.00
 116    20.865 55807.34211040 37.63  95.393914  18.221460 19.604 -100.00 -100.00 -100.00
 116    20.932 55807.34211099 38.08  95.394925  18.223932 19.929 -100.00 -100.00 -100.00
 116    20.877 55807.34211159 37.28  95.395935  18.226404 21.141 -100.00 -100.00 -100.00
 116    20.664 55807.34211218 35.80  95.396945  18.228876 15.887 -100.00 -100.00 -100.00
 117    19.352 55817.25775995 27.29  95.392765  18.222357 11.652 -100.00 -100.00 -100.00
 117    19.161 55817.25776054 27.15  95.393775  18.224829  9.600 -100.00 -100.00 -100.00
 117    19.035 55817.25776113 28.38  95.394786  18.227301 11.775 -100.00 -100.00 -100.00
 117    19.801 55817.25776172 29.47  95.395796  18.229773 11.391 -100.00 -100.00 -100.00
 118    19.061 55827.17340598 26.09  95.393491  18.222514  9.396 -100.00 -100.00 -100.00
 118    18.679 55827.17340657 27.72  95.394501  18.224986 13.382 -100.00 -100.00 -100.00
 118    18.551 55827.17340716 28.92  95.395512  18.227458 13.132 -100.00 -100.00 -100.00
 118    18.649 55827.17340775 30.56  95.396522  18.229930 19.213 -100.00 -100.00 -100.00
 119    19.153 55837.08904726 28.35  95.394014  18.221340 16.454 -100.00 -100.00 -100.00
 119    19.203 55837.08904785 30.87  95.395024  18.223813 23.372 -100.00 -100.00 -100.00
 119    19.190 55837.08904844 29.31  95.396034  18.226285 17.112 -100.00 -100.00 -100.00
 119    18.874 55837.08904903 31.23  95.397045  18.228757 22.952 -100.00 -100.00 -100.00
 120    18.668 55847.00468541 39.87  95.394377  18.221346   -100 -100.00 -100.00 -100.00
 120    18.844 55847.00468600 43.49  95.395388  18.223818   -100 -100.00 -100.00 -100.00
 120    18.443 55847.00468659 43.47  95.396398  18.226290   -100 -100.00 -100.00 -100.00
 120    18.430 55847.00468718 42.77  95.397409  18.228762   -100 -100.00 -100.00 -100.00
 121    18.689 55856.92032150 34.27  95.395958  18.223707 19.543 -100.00 -100.00 -100.00
 121    18.575 55856.92032209 33.78  95.396968  18.226179 19.711 -100.00 -100.00 -100.00
 121    18.552 55856.92032268 36.31  95.397978  18.228651 30.716 -100.00 -100.00 -100.00
 122    17.166 55866.83596459 52.71  95.393449  18.221499 19.527 -100.00 -100.00 -100.00
 122    17.229 55866.83596518 56.88  95.394459  18.223971   -100 -100.00 -100.00 -100.00
 122    17.247 55866.83596577 54.05  95.395470  18.226443 29.678 -100.00 -100.00 -100.00
 122    17.278 55866.83596636 56.74  95.396480  18.228915 21.326 -100.00 -100.00 -100.00
 123    14.653 55876.75161663 48.84  95.391031  18.222536 10.842 -100.00 -100.00 -100.00
 123    14.722 55876.75161722 44.88  95.392042  18.225009   -100 -100.00 -100.00 -100.00
 123    14.505 55876.75161781 45.38  95.393052  18.227481  0.437 -100.00 -100.00 -100.00
 123    14.292 55876.75161840 46.54  95.394062  18.229953   -100 -100.00 -100.00 -100.00
 124    13.839 55886.66726252 34.02  95.390747  18.222830   -100 -100.00 -100.00 -100.00
 124    13.772 55886.66726311 36.59  95.391758  18.225303   -100 -100.00 -100.00 -100.00
 124    14.011 55886.66726370 37.13  95.392768  18.227775   -100 -100.00 -100.00 -100.00
 124    13.718 55886.66726430 39.02  95.393778  18.230247   -100 -100.00 -100.00 -100.00
 125    13.125 55896.58290260 50.89  95.391125  18.221523   -100 -100.00 -100.00 -100.00
 125    12.800 55896.58290319 51.81  95.392135  18.223995 22.805 -100.00 -100.00 -100.00
 125    12.871 55896.58290378 38.51  95.393145  18.226468   -100 -100.00 -100.00 -100.00
 125    13.025 55896.58290437 40.32  95.394156  18.228940 31.030 -100.00 -100.00 -100.00
 126    12.554 55906.49853799 32.62  95.393180  18.220920   -100 -100.00 -100.00 -100.00
 126    12.821 55906.49853859 30.28  95.394191  18.223392 25.975 -100.00 -100.00 -100.00
 126    13.185 55906.49853918 31.55  95.395201  18.225864 27.953 -100.00 -100.00 -100.00
 126    13.481 55906.49853977 35.33  95.396211  18.228337 29.160 -100.00 -100.00 -100.00
 126    12.895 55906.49854036 36.83  95.397222  18.230809 28.510 -100.00 -100.00 -100.00
 127    13.247 55916.41418327 25.92  95.392384  18.222833 23.957 -100.00 -100.00 -100.00
 127    13.684 55916.41418386 26.52  95.393395  18.225305 20.914 -100.00 -100.00 -100.00
 127    13.921 55916.41418445 29.88  95.394405  18.227778 30.972 -100.00 -100.00 -100.00
 127    13.211 55916.41418504 31.71  95.395416  18.230250 18.049 -100.00 -100.00 -100.00
 128    13.337 55926.32983723 26.39  95.389118  18.224163 22.623 -100.00 -100.00 -100.00
 128    13.412 55926.32983782 27.94  95.390128  18.226635 27.122 -100.00 -100.00 -100.00
 128    14.765 55926.32983841 30.32  95.391139  18.229108 23.888 -100.00 -100.00 -100.00
 129    18.863 55936.24548759 21.47  95.387207  18.223310 10.833 -100.00 -100.00 -100.00
 129    18.745 55936.24548818 21.20  95.388218  18.225783 10.129 -100.00 -100.00 -100.00
 129    13.501 55936.24548877 29.27  95.389228  18.228255   -100 -100.00 -100.00 -100.00
 129    14.601 55936.24548936 29.35  95.390239  18.230728 23.888 -100.00 -100.00 -100.00
 130    18.637 55946.16113347 24.69  95.387430  18.223931 16.321 -100.00 -100.00 -100.00
 130    18.480 55946.16113407 25.64  95.388441  18.226404 14.061 -100.00 -100.00 -100.00
 130    14.068 55946.16113466 30.08  95.389451  18.228876 25.276 -100.00 -100.00 -100.00
 131    18.715 55956.07677462 23.26  95.388160  18.223791 11.470 -100.00 -100.00 -100.00
 131    18.191 55956.07677521 26.45  95.389170  18.226264 16.925 -100.00 -100.00 -100.00
 131    14.363 55956.07677580 29.93  95.390181  18.228736 28.424 -100.00 -100.00 -100.00
 132    11.436 55965.99241297 47.69  95.389017  18.224011  9.370 -100.00 -100.00 -100.00
 132    13.636 55965.99241356 29.44  95.390027  18.226483 18.963 -100.00 -100.00 -100.00
 132    14.096 55965.99241415 26.06  95.391038  18.228956  8.533 -100.00 -100.00 -100.00
 133    11.319 55975.90804983 52.67  95.389662  18.223835  5.998 -100.00 -100.00 -100.00
 133    11.021 55975.90805042 36.51  95.390672  18.226308   -100 -100.00 -100.00 -100.00
 133    13.234 55975.90805101 29.38  95.391683  18.228780 27.429 -100.00 -100.00 -100.00
 134    11.342 55985.82368543 31.51  95.391137  18.221956 32.700 -100.00 -100.00 -100.00
 134    11.317 55985.82368602 28.02  95.392148  18.224428 25.285 -100.00 -100.00 -100.00
 134    17.333 55985.82368661 23.06  95.393158  18.226901 11.173 -100.00 -100.00 -100.00
 134    12.824 55985.82368720 25.85  95.394169  18.229373 14.973 -100.00 -100.00 -100.00
 135    11.030 55995.73932126 32.10  95.395424  18.222940   -100 -100.00 -100.00 -100.00
 135    11.945 55995.73932185 28.32  95.396434  18.225412 14.336 -100.00 -100.00 -100.00
 135    12.040 55995.73932244 34.27  95.397445  18.227885   -100 -100.00 -100.00 -100.00
 135    12.542 55995.73932303 39.33  95.398455  18.230357 28.239 -100.00 -100.00 -100.00
 136    11.145 56005.65497211 38.92  95.393092  18.221057   -100 -100.00 -100.00 -100.00
 136    10.943 56005.65497270 32.91  95.394102  18.223530   -100 -100.00 -100.00 -100.00
 136    11.846 56005.65497329 29.29  95.395113  18.226002 22.729 -100.00 -100.00 -100.00
 136    11.961 56005.65497388 34.42  95.396123  18.228475   -100 -100.00 -100.00 -100.00
 136    11.936 56005.65497447 39.73  95.397134  18.230947 15.069 -100.00 -100.00 -100.00
 137    11.028 56015.57061955 51.62  95.391284  18.221254  4.913 -100.00 -100.00 -100.00
 137    10.734 56015.57062014 39.97  95.392295  18.223726  3.797 -100.00 -100.00 -100.00
 137    11.082 56015.57062073 28.87  95.393305  18.226199 16.000 -100.00 -100.00 -100.00
 137    11.919 56015.57062132 26.81  95.394316  18.228671 10.000 -100.00 -100.00 -100.00
 138    10.889 56025.48626463 28.31  95.389419  18.223541 29.169 -100.00 -100.00 -100.00
 138    17.553 56025.48626522 25.12  95.390430  18.226013 17.209 -100.00 -100.00 -100.00
 138    12.180 56025.48626581 24.70  95.391441  18.228486 16.061 -100.00 -100.00 -100.00
 139    11.336 56035.40190743 51.02  95.387067  18.222699   -100 -100.00 -100.00 -100.00
 139    11.590 56035.40190803 48.73  95.388077  18.225171   -100 -100.00 -100.00 -100.00
 139    11.353 56035.40190862 33.21  95.389088  18.227644 27.608 -100.00 -100.00 -100.00
 139    10.753 56035.40190921 34.78  95.390099  18.230116 30.785 -100.00 -100.00 -100.00
 140    11.895 56045.31754878 32.66  95.387826  18.222903   -100 -100.00 -100.00 -100.00
 140    11.659 56045.31754937 34.50  95.388836  18.225376   -100 -100.00 -100.00 -100.00
 140    11.930 56045.31754996 26.24  95.389847  18.227848 12.944 -100.00 -100.00 -100.00
 140    11.714 56045.31755055 28.43  95.390857  18.230321 22.646 -100.00 -100.00 -100.00
 141    13.613 56055.23318758 26.35  95.390413  18.223764 24.360 -100.00 -100.00 -100.00
 141    15.126 56055.23318817 21.84  95.391423  18.226237 12.897 -100.00 -100.00 -100.00
 141    12.999 56055.23318876 29.13  95.392433  18.228709 30.153 -100.00 -100.00 -100.00
 142    12.288 56065.14882201 32.36  95.393477  18.222360 30.474 -100.00 -100.00 -100.00
 142    12.005 56065.14882260 32.20  95.394487  18.224833   -100 -100.00 -100.00 -100.00
 142    12.132 56065.14882319 32.40  95.395498  18.227305 32.222 -100.00 -100.00 -100.00
 142    12.477 56065.14882378 35.38  95.396508  18.229778   -100 -100.00 -100.00 -100.00
 143    12.140 56075.06446691 27.12  95.392396  18.222058   -100 -100.00 -100.00 -100.00
 143    11.987 56075.06446750 26.25  95.393406  18.224531 30.741 -100.00 -100.00 -100.00
 143    14.940 56075.06446809 25.52  95.394416  18.227003 27.321 -100.00 -100.00 -100.00
 143    14.991 56075.06446868 24.48  95.395427  18.229475 20.570 -100.00 -100.00 -100.00
 144    12.085 56084.98011584 29.70  95.388826  18.222088 25.172 -100.00 -100.00 -100.00
 144    12.341 56084.98011643 26.00  95.389836  18.224561 13.005 -100.00 -100.00 -100.00
 144    12.409 56084.98011702 25.30  95.390847  18.227033 14.029 -100.00 -100.00 -100.00
 144    14.495 56084.98011761 25.68  95.391857  18.229505 12.597 -100.00 -100.00 -100.00
 145    17.827 56094.89576250 26.50  95.387468  18.222580 21.607 -100.00 -100.00 -100.00
 145    14.628 56094.89576309 29.48  95.388479  18.225052 32.561 -100.00 -100.00 -100.00
 145    14.528 56094.89576368 30.77  95.389489  18.227525 32.019 -100.00 -100.00 -100.00
 145    15.801 56094.89576427 32.64  95.390500  18.229997 16.175 -100.00 -100.00 -100.00
 146    16.299 56104.81140755 34.92  95.388893  18.224723   -100 -100.00 -100.00 -100.00
 146    16.387 56104.81140814 34.61  95.389903  18.227195   -100 -100.00 -100.00 -100.00
 146    16.440 56104.81140874 36.50  95.390914  18.229667   -100 -100.00 -100.00 -100.00
 147    19.522 56114.72703748 28.67  95.390244  18.223817 13.436 -100.00 -100.00 -100.00
 147    19.582 56114.72703807 29.32  95.391255  18.226289 12.385 -100.00 -100.00 -100.00
 147    19.935 56114.72703866 31.68  95.392265  18.228761 21.498 -100.00 -100.00 -100.00
 148    18.886 56124.64267487 28.19  95.391441  18.220961 13.279 -100.00 -100.00 -100.00
 148    18.759 56124.64267546 27.49  95.392452  18.223433 12.084 -100.00 -100.00 -100.00
 148    18.980 56124.64267605 29.08  95.393462  18.225906 14.890 -100.00 -100.00 -100.00
 148    18.770 56124.64267664 33.67  95.394472  18.228378   -100 -100.00 -100.00 -100.00
 149    19.877 56134.55830920 30.81  95.394207  18.221350 15.204 -100.00 -100.00 -100.00
 149    19.953 56134.55830979 29.97  95.395218  18.223822 14.515 -100.00 -100.00 -100.00
 149    19.849 56134.55831039 30.21  95.396228  18.226294 17.092 -100.00 -100.00 -100.00
 149    19.596 56134.55831098 30.29  95.397238  18.228766 18.024 -100.00 -100.00 -100.00
 150    20.627 56144.47394954 27.42  95.393766  18.220912  9.165 -100.00 -100.00 -100.00
 150    20.753 56144.47395013 27.64  95.394777  18.223384  9.925 -100.00 -100.00 -100.00
 150    20.632 56144.47395072 27.63  95.395787  18.225856  9.353 -100.00 -100.00 -100.00
 150    20.569 56144.47395131 28.06  95.396797  18.228328 10.628 -100.00 -100.00 -100.00
 150    20.854 56144.47395190 27.49  95.397808  18.230800  7.848 -100.00 -100.00 -100.00
 151    20.149 56154.38959983 30.76  95.390867  18.221401 15.321 -100.00 -100.00 -100.00
 151    20.167 56154.38960043 29.77  95.391877  18.223873 12.862 -100.00 -100.00 -100.00
 151    20.108 56154.38960102 29.88  95.392888  18.226346 12.945 -100.00 -100.00 -100.00
 151    20.228 56154.38960161 29.34  95.393898  18.228818 12.198 -100.00 -100.00 -100.00
 152    19.414 56164.30524932 25.70  95.389505  18.222368 10.736 -100.00 -100.00 -100.00
 152    18.093 56164.30524991 28.67  95.390515  18.224841 16.765 -100.00 -100.00 -100.00
 152    18.495 56164.30525050 28.00  95.391526  18.227313 14.538 -100.00 -100.00 -100.00
 152    18.018 56164.30525109 32.29  95.392536  18.229785 28.417 -100.00 -100.00 -100.00
 153    19.328 56174.22089673 24.54  95.389625  18.222844  9.217 -100.00 -100.00 -100.00
 153    18.947 56174.22089732 25.52  95.390635  18.225316 10.040 -100.00 -100.00 -100.00
 153    18.914 56174.22089791 26.36  95.391645  18.227788 11.084 -100.00 -100.00 -100.00
 153    18.836 56174.22089850 30.06  95.392656  18.230260 21.407 -100.00 -100.00 -100.00
 154    19.085 56184.13653889 32.43  95.390789  18.222421 20.855 -100.00 -100.00 -100.00
 154    19.133 56184.13653948 32.34  95.391800  18.224893 18.351 -100.00 -100.00 -100.00
 154    19.149 56184.13654007 31.73  95.392810  18.227366 15.732 -100.00 -100.00 -100.00
 154    19.332 56184.13654066 33.00  95.393820  18.229838 16.376 -100.00 -100.00 -100.00
 155    19.460 56194.05217693 33.31  95.391181  18.221249 18.401 -100.00 -100.00 -100.00
 155    19.584 56194.05217752 34.09  95.392191  18.223721 20.121 -100.00 -100.00 -100.00
 155    19.641 56194.05217811 35.36  95.393201  18.226193 23.652 -100.00 -100.00 -100.00
 155    19.735 56194.05217870 36.15  95.394212  18.228666 25.646 -100.00 -100.00 -100.00
 156    20.444 56203.96781242 33.52  95.391902  18.222329 16.923 -100.00 -100.00 -100.00
 156    20.575 56203.96781301 37.80  95.392913  18.224801 31.907 -100.00 -100.00 -100.00
 156    20.687 56203.96781360 36.57  95.393923  18.227273 23.620 -100.00 -100.00 -100.00
 156    20.436 56203.96781419 32.35  95.394934  18.229745 12.928 -100.00 -100.00 -100.00
 157    19.521 56213.88344588 54.98  95.393221  18.222067 30.850 -100.00 -100.00 -100.00
 157    19.607 56213.88344647 53.38  95.394231  18.224540  5.131 -100.00 -100.00 -100.00
 157    19.579 56213.88344706 48.71  95.395241  18.227012   -100 -100.00 -100.00 -100.00
 157    19.249 56213.88344765 55.99  95.396252  18.229484   -100 -100.00 -100.00 -100.00
 158    19.245 56223.79908055 55.60  95.396265  18.222536   -100 -100.00 -100.00 -100.00
 158    19.254 56223.79908114 52.03  95.397276  18.225008   -100 -100.00 -100.00 -100.00
 158    18.889 56223.79908174 53.20  95.398286  18.227480 20.652 -100.00 -100.00 -100.00
 158    18.843 56223.79908233 57.08  95.399296  18.229952   -100 -100.00 -100.00 -100.00
 159    15.233 56233.71473605 43.74  95.393627  18.222216   -100 -100.00 -100.00 -100.00
 159    14.844 56233.71473664 37.77  95.394637  18.224688   -100 -100.00 -100.00 -100.00
 159    14.797 56233.71473723 40.40  95.395647  18.227160   -100 -100.00 -100.00 -100.00
 159    14.706 56233.71473782 44.93  95.396657  18.229632 17.594 -100.00 -100.00 -100.00
 160    13.953 56243.63038769 50.39  95.391557  18.221906 27.161 -100.00 -100.00 -100.00
 160    13.981 56243.63038828 34.05  95.392567  18.224378 19.104 -100.00 -100.00 -100.00
 160    14.006 56243.63038887 38.87  95.393577  18.226850   -100 -100.00 -100.00 -100.00
 160    14.311 56243.63038946 42.31  95.394587  18.229322   -100 -100.00 -100.00 -100.00
 161    13.435 56253.54603500 51.10  95.389676  18.222623 24.150 -100.00 -100.00 -100.00
 161    13.508 56253.54603559 39.81  95.390686  18.225095   -100 -100.00 -100.00 -100.00
 161    14.702 56253.54603618 33.17  95.391696  18.227568 17.216 -100.00 -100.00 -100.00
 161    14.642 56253.54603677 40.05  95.392706  18.230040   -100 -100.00 -100.00 -100.00
 162    17.311 56263.46167807 25.60  95.388273  18.222733 13.428 -100.00 -100.00 -100.00
 162    14.279 56263.46167866 29.45  95.389283  18.225206 23.413 -100.00 -100.00 -100.00
 162    15.636 56263.46167925 31.74  95.390293  18.227678 15.552 -100.00 -100.00 -100.00
 162    15.867 56263.46167984 32.69  95.391304  18.230150 23.536 -100.00 -100.00 -100.00
 163    14.144 56273.37732001 28.29  95.388736  18.224634 10.688 -100.00 -100.00 -100.00
 163    14.104 56273.37732060 35.76  95.389747  18.227106   -100 -100.00 -100.00 -100.00
 163    15.424 56273.37732119 34.37  95.390757  18.229578 23.678 -100.00 -100.00 -100.00
 164    13.852 56283.29296361 27.08  95.388886  18.223317 26.711 -100.00 -100.00 -100.00
 164    13.818 56283.29296420 27.27  95.389896  18.225790 28.881 -100.00 -100.00 -100.00
 164    15.242 56283.29296479 30.77  95.390906  18.228262 30.954 -100.00 -100.00 -100.00
 164    14.255 56283.29296538 32.53  95.391917  18.230734   -100 -100.00 -100.00 -100.00
 165    11.645 56293.20861547 45.52  95.387778  18.222583 23.472 -100.00 -100.00 -100.00
 165    11.802 56293.20861606 38.68  95.388788  18.225055   -100 -100.00 -100.00 -100.00
 165    13.544 56293.20861665 39.03  95.389799  18.227527   -100 -100.00 -100.00 -100.00
 165    13.566 56293.20861724 40.29  95.390809  18.230000   -100 -100.00 -100.00 -100.00
 166    11.490 56303.12426318 35.69  95.387326  18.223223 25.961 -100.00 -100.00 -100.00
 166    11.337 56303.12426377 34.36  95.388336  18.225695 22.875 -100.00 -100.00 -100.00
 166    13.538 56303.12426436 35.36  95.389347  18.228167 19.948 -100.00 -100.00 -100.00
 166    13.640 56303.12426495 36.87  95.390357  18.230640 26.993 -100.00 -100.00 -100.00
 167    18.361 56313.03990650 29.30  95.386539  18.223754 13.114 -100.00 -100.00 -100.00
 167    13.014 56313.03990709 29.87  95.387549  18.226226 16.154 -100.00 -100.00 -100.00
 167    18.120 56313.03990768 26.86  95.388560  18.228699  9.904 -100.00 -100.00 -100.00
 167    13.516 56313.03990828 29.91  95.389571  18.231171 14.569 -100.00 -100.00 -100.00
 168    11.110 56322.95554757 36.91  95.386344  18.224863   -100 -100.00 -100.00 -100.00
 168    11.024 56322.95554816 39.80  95.387354  18.227336  7.746 -100.00 -100.00 -100.00
 168    12.945 56322.95554875 29.56  95.388365  18.229808 19.064 -100.00 -100.00 -100.00
 169    11.053 56332.87118761 49.29  95.386998  18.224768 24.558 -100.00 -100.00 -100.00
 169    11.153 56332.87118820 43.77  95.388008  18.227240   -100 -100.00 -100.00 -100.00
 169    12.613 56332.87118879 33.28  95.389019  18.229713   -100 -100.00 -100.00 -100.00
 170    11.044 56342.78682688 37.08  95.388816  18.223046   -100 -100.00 -100.00 -100.00
 170    10.718 56342.78682747 36.18  95.389827  18.225519   -100 -100.00 -100.00 -100.00
 170    12.775 56342.78682806 29.22  95.390837  18.227991 24.196 -100.00 -100.00 -100.00
 170    13.226 56342.78682865 30.40  95.391848  18.230463 28.188 -100.00 -100.00 -100.00
 171    12.166 56352.70246403 25.96  95.392062  18.221585 17.711 -100.00 -100.00 -100.00
 171    12.840 56352.70246462 26.11  95.393072  18.224058 16.513 -100.00 -100.00 -100.00
 171    13.240 56352.70246521 26.01  95.394083  18.226530 17.089 -100.00 -100.00 -100.00
 171    12.814 56352.70246580 28.12  95.395093  18.229002 25.901 -100.00 -100.00 -100.00
 172    10.500 56362.61810536 36.55  95.393342  18.221550   -100 -100.00 -100.00 -100.00
 172    12.508 56362.61810595 29.72  95.394353  18.224022 23.082 -100.00 -100.00 -100.00
 172    12.863 56362.61810654 29.82  95.395363  18.226495 20.376 -100.00 -100.00 -100.00
 172    12.804 56362.61810713 37.36  95.396374  18.228967   -100 -100.00 -100.00 -100.00
 173    18.287 56372.53375418 18.53  95.390125  18.222074  6.870 -100.00 -100.00 -100.00
 173    18.071 56372.53375477 18.45  95.391135  18.224547  6.840 -100.00 -100.00 -100.00
 173    12.629 56372.53375536 26.92  95.392146  18.227019 30.049 -100.00 -100.00 -100.00
 173    12.732 56372.53375595 27.70  95.393156  18.229492   -100 -100.00 -100.00 -100.00
 175    19.316 56392.36504497 20.49  95.384334  18.223049 10.662 -100.00 -100.00 -100.00
 175    18.707 56392.36504556 24.39  95.385345  18.225522 23.109 -100.00 -100.00 -100.00
 175    18.761 56392.36504615 21.56  95.386355  18.227994 15.936 -100.00 -100.00 -100.00
 175    18.725 56392.36504674 21.35  95.387366  18.230467 15.974 -100.00 -100.00 -100.00
 176    10.902 56402.28068831 28.05  95.385952  18.224219  9.973 -100.00 -100.00 -100.00
 176    10.853 56402.28068890 27.84  95.386963  18.226692  9.735 -100.00 -100.00 -100.00
 176    10.876 56402.28068949 29.07  95.387973  18.229165 11.213 -100.00 -100.00 -100.00
 177    17.742 56412.19632874 23.64  95.388864  18.224395  8.023 -100.00 -100.00 -100.00
 177    17.349 56412.19632933 23.29  95.389874  18.226867  8.647 -100.00 -100.00 -100.00
 177    11.782 56412.19632992 24.84  95.390885  18.229340 12.387 -100.00 -100.00 -100.00
 178    10.858 56422.11196377 33.93  95.392306  18.222840   -100 -100.00 -100.00 -100.00
 178    10.818 56422.11196436 30.64  95.393317  18.225313 23.899 -100.00 -100.00 -100.00
 178    12.309 56422.11196495 27.97  95.394327  18.227785 15.587 -100.00 -100.00 -100.00
 178    12.805 56422.11196554 28.21  95.395338  18.230258 13.308 -100.00 -100.00 -100.00
 179    12.565 56432.02760416 22.47  95.391818  18.220961 11.257 -100.00 -100.00 -100.00
 179    12.443 56432.02760475 24.16  95.392828  18.223434 15.216 -100.00 -100.00 -100.00
 179    12.397 56432.02760534 23.89  95.393839  18.225907 13.508 -100.00 -100.00 -100.00
 179    12.396 56432.02760593 28.48  95.394849  18.228379 27.904 -100.00 -100.00 -100.00
 180    19.435 56441.94325668 22.64  95.387870  18.223648  7.803 -100.00 -100.00 -100.00
 180    19.101 56441.94325727 23.56  95.388880  18.226121  9.982 -100.00 -100.00 -100.00
 180    13.325 56441.94325786 29.41  95.389890  18.228593 26.017 -100.00 -100.00 -100.00
 181    19.224 56451.85890581 26.25  95.384429  18.222535 13.582 -100.00 -100.00 -100.00
 181    19.258 56451.85890640 25.22  95.385440  18.225007 12.717 -100.00 -100.00 -100.00
 181    19.343 56451.85890699 23.05  95.386450  18.227479  8.475 -100.00 -100.00 -100.00
 181    17.217 56451.85890758 29.06  95.387460  18.229952 24.651 -100.00 -100.00 -100.00
 182    19.086 56461.77455341 25.94  95.385262  18.224094 13.510 -100.00 -100.00 -100.00
 182    18.914 56461.77455400 25.31  95.386272  18.226567 12.929 -100.00 -100.00 -100.00
 182    16.029 56461.77455459 28.23  95.387282  18.229039 20.717 -100.00 -100.00 -100.00
 183    19.473 56471.69019735 25.97  95.386635  18.223489 10.174 -100.00 -100.00 -100.00
 183    18.994 56471.69019794 27.75  95.387646  18.225961 13.969 -100.00 -100.00 -100.00
 183    14.340 56471.69019853 34.83  95.388656  18.228433   -100 -100.00 -100.00 -100.00
 183    14.531 56471.69019912 33.96  95.389667  18.230905 26.329 -100.00 -100.00 -100.00
 184    17.649 56481.60583788 32.33  95.388445  18.222850 27.687 -100.00 -100.00 -100.00
 184    17.911 56481.60583847 31.00  95.389455  18.225322 25.047 -100.00 -100.00 -100.00
 184    17.576 56481.60583906 37.88  95.390466  18.227794   -100 -100.00 -100.00 -100.00
 184    17.835 56481.60583965 37.13  95.391476  18.230266   -100 -100.00 -100.00 -100.00
 185    19.258 56491.52147485 29.22  95.389606  18.222565 12.952 -100.00 -100.00 -100.00
 185    19.308 56491.52147544 30.31  95.390617  18.225037 14.966 -100.00 -100.00 -100.00
 185    19.578 56491.52147603 28.61  95.391627  18.227509 11.144 -100.00 -100.00 -100.00
 185    19.463 56491.52147662 32.08  95.392638  18.229981 19.973 -100.00 -100.00 -100.00
 186    19.860 56501.43710958 31.18  95.391049  18.222060 12.573 -100.00 -100.00 -100.00
 186    19.711 56501.43711017 33.69  95.392059  18.224532 20.651 -100.00 -100.00 -100.00
 186    19.911 56501.43711076 33.47  95.393069  18.227004 20.497 -100.00 -100.00 -100.00
 186    20.185 56501.43711135 32.69  95.394080  18.229476 17.982 -100.00 -100.00 -100.00
 187    19.478 56511.35274288 30.45  95.393682  18.220365 16.179 -100.00 -100.00 -100.00
 187    19.582 56511.35274347 30.68  95.394692  18.222837 16.648 -100.00 -100.00 -100.00
 187    19.611 56511.35274406 31.32  95.395702  18.225309 17.206 -100.00 -100.00 -100.00
 187    19.392 56511.35274465 31.91  95.396713  18.227781 21.635 -100.00 -100.00 -100.00
 187    19.685 56511.35274524 30.77  95.397723  18.230253 16.450 -100.00 -100.00 -100.00
 188    19.461 56521.26838931 31.91  95.395362  18.223222 20.564 -100.00 -100.00 -100.00
 188    19.280 56521.26838990 31.22  95.396372  18.225694 20.641 -100.00 -100.00 -100.00
 188    19.307 56521.26839049 30.59  95.397382  18.228167 17.951 -100.00 -100.00 -100.00
 188    19.720 56521.26839108 30.88  95.398393  18.230639 17.300 -100.00 -100.00 -100.00
 189    19.695 56531.18404223 30.69  95.392863  18.221869 16.881 -100.00 -100.00 -100.00
 189    19.845 56531.18404282 30.09  95.393873  18.224342 16.269 -100.00 -100.00 -100.00
 189    19.633 56531.18404341 31.82  95.394884  18.226814 21.622 -100.00 -100.00 -100.00
 189    19.893 56531.18404400 29.93  95.395894  18.229286 14.815 -100.00 -100.00 -100.00
 191    20.826 56551.01533692 30.41  95.389704  18.223404 10.547 -100.00 -100.00 -100.00
 191    20.887 56551.01533751 30.20  95.390714  18.225876  8.857 -100.00 -100.00 -100.00
 191    20.957 56551.01533810 31.05  95.391725  18.228349 10.820 -100.00 -100.00 -100.00
 192    19.927 56560.93097917 42.90  95.386979  18.222649   -100 -100.00 -100.00 -100.00
 192    19.825 56560.93097976 46.60  95.387990  18.225121   -100 -100.00 -100.00 -100.00
 192    19.902 56560.93098035 47.04  95.389000  18.227593   -100 -100.00 -100.00 -100.00
 192    19.921 56560.93098094 47.65  95.390010  18.230065  6.961 -100.00 -100.00 -100.00
 193    19.325 56570.84662058 50.70  95.386308  18.223012  9.897 -100.00 -100.00 -100.00
 193    19.353 56570.84662117 50.23  95.387318  18.225484 13.950 -100.00 -100.00 -100.00
 193    19.396 56570.84662176 50.44  95.388329  18.227956 21.713 -100.00 -100.00 -100.00
 193    19.453 56570.84662235 52.24  95.389339  18.230428 20.163 -100.00 -100.00 -100.00
 194    19.079 56580.76226059 48.00  95.387966  18.222645 14.276 -100.00 -100.00 -100.00
 194    19.110 56580.76226118 48.05  95.388976  18.225118 18.812 -100.00 -100.00 -100.00
 194    19.177 56580.76226177 50.18  95.389986  18.227590  9.829 -100.00 -100.00 -100.00
 194    19.239 56580.76226236 48.89  95.390996  18.230062   -100 -100.00 -100.00 -100.00
 195    15.516 56590.67789699 49.75  95.393202  18.223036 21.466 -100.00 -100.00 -100.00
 195    16.797 56590.67789758 39.53  95.394212  18.225508   -100 -100.00 -100.00 -100.00
 195    17.216 56590.67789817 43.18  95.395222  18.227980   -100 -100.00 -100.00 -100.00
 195    15.498 56590.67789876 46.73  95.396232  18.230452   -100 -100.00 -100.00 -100.00
 196    15.872 56600.59354436 43.70  95.393359  18.222881  1.043 -100.00 -100.00 -100.00
 196    17.199 56600.59354495 35.48  95.394369  18.225353 22.746 -100.00 -100.00 -100.00
 196    17.141 56600.59354554 46.81  95.395379  18.227825  4.136 -100.00 -100.00 -100.00
 196    15.881 56600.59354613 44.91  95.396389  18.230297   -100 -100.00 -100.00 -100.00
 197    14.250 56610.50919447 34.16  95.390286  18.223260 22.202 -100.00 -100.00 -100.00
 197    15.341 56610.50919506 30.73  95.391297  18.225732 13.236 -100.00 -100.00 -100.00
 197    16.388 56610.50919566 41.66  95.392307  18.228204   -100 -100.00 -100.00 -100.00
 198    19.606 56620.42484044 23.51  95.388243  18.224799 10.400 -100.00 -100.00 -100.00
 198    15.927 56620.42484103 29.94  95.389253  18.227271 13.453 -100.00 -100.00 -100.00
 198    16.341 56620.42484162 30.67  95.390264  18.229743 17.881 -100.00 -100.00 -100.00
 199    19.754 56630.34048280 21.44  95.386501  18.222913  9.161 -100.00 -100.00 -100.00
 199    19.610 56630.34048339 22.97  95.387511  18.225385 10.949 -100.00 -100.00 -100.00
 199    15.402 56630.34048398 28.80  95.388522  18.227857 23.785 -100.00 -100.00 -100.00
 199    15.832 56630.34048457 28.44  95.389532  18.230330 15.334 -100.00 -100.00 -100.00
 200    17.848 56640.25612246 23.60  95.389023  18.223140 11.235 -100.00 -100.00 -100.00
 200    15.017 56640.25612305 28.12  95.390033  18.225613 21.459 -100.00 -100.00 -100.00
 200    14.354 56640.25612364 29.97  95.391044  18.228085 17.678 -100.00 -100.00 -100.00
 200    14.700 56640.25612423 32.84  95.392054  18.230558 21.265 -100.00 -100.00 -100.00
 201    13.366 56650.17176961 26.50  95.390478  18.223255 24.049 -100.00 -100.00 -100.00
 201    14.007 56650.17177020 27.47  95.391488  18.225728 21.954 -100.00 -100.00 -100.00
 201    14.022 56650.17177079 28.25  95.392499  18.228200 27.449 -100.00 -100.00 -100.00
 202    12.436 56660.08742092 26.19  95.389420  18.224291 25.146 -100.00 -100.00 -100.00
 202    13.804 56660.08742151 26.83  95.390430  18.226763 17.627 -100.00 -100.00 -100.00
 202    14.253 56660.08742210 27.87  95.391441  18.229236 18.971 -100.00 -100.00 -100.00
 203    19.082 56670.00306808 20.94  95.387352  18.224494 10.213 -100.00 -100.00 -100.00
 203    13.041 56670.00306867 27.46  95.388362  18.226967 20.416 -100.00 -100.00 -100.00
 203    13.572 56670.00306926 28.01  95.389373  18.229439 15.602 -100.00 -100.00 -100.00
 204    11.147 56679.91871283 32.90  95.385721  18.224943   -100 -100.00 -100.00 -100.00
 204    12.327 56679.91871342 31.36  95.386732  18.227416 24.140 -100.00 -100.00 -100.00
 204    12.241 56679.91871401 32.73  95.387743  18.229888 31.552 -100.00 -100.00 -100.00
 205    11.151 56689.83435569 47.29  95.385868  18.224552   -100 -100.00 -100.00 -100.00
 205    10.909 56689.83435628 45.03  95.386879  18.227025   -100 -100.00 -100.00 -100.00
 205    10.818 56689.83435687 34.83  95.387889  18.229497   -100 -100.00 -100.00 -100.00
 206    10.686 56699.74999544 48.75  95.388013  18.223037 30.989 -100.00 -100.00 -100.00
 206    10.676 56699.74999603 47.07  95.389023  18.225509 25.755 -100.00 -100.00 -100.00
 206    12.212 56699.74999662 34.15  95.390034  18.227982 30.202 -100.00 -100.00 -100.00
 206    13.040 56699.74999721 34.35  95.391044  18.230455 31.785 -100.00 -100.00 -100.00
 207    10.515 56709.66563096 35.54  95.392186  18.222750   -100 -100.00 -100.00 -100.00
 207    12.943 56709.66563155 25.49  95.393197  18.225222 13.017 -100.00 -100.00 -100.00
 207    13.805 56709.66563214 34.19  95.394207  18.227695 30.819 -100.00 -100.00 -100.00
 207    13.847 56709.66563273 28.36  95.395218  18.230167 13.520 -100.00 -100.00 -100.00
 208    17.756 56719.58127167 20.47  95.392821  18.222849  9.282 -100.00 -100.00 -100.00
 208    12.626 56719.58127226 27.16  95.393832  18.225322 23.697 -100.00 -100.00 -100.00
 208    13.593 56719.58127285 28.25  95.394842  18.227794 23.429 -100.00 -100.00 -100.00
 208    13.640 56719.58127344 24.42  95.395853  18.230267 13.584 -100.00 -100.00 -100.00
 209   -49.232 56729.49692372  9.85  95.388503  18.223779  4.271 -100.00 -100.00 -100.00
 209   -48.412 56729.49692431  8.97  95.389514  18.226251  3.094 -100.00 -100.00 -100.00
 209   -46.360 56729.49692490  8.73  95.390524  18.228724  2.786 -100.00 -100.00 -100.00
 210    19.339 56739.41257178 23.18  95.384434  18.223331 10.960 -100.00 -100.00 -100.00
 210    18.969 56739.41257237 23.58  95.385444  18.225804 13.474 -100.00 -100.00 -100.00
 210    18.957 56739.41257296 23.69  95.386455  18.228276 14.326 -100.00 -100.00 -100.00
 210    18.980 56739.41257355 22.01  95.387465  18.230749  9.314 -100.00 -100.00 -100.00
 211    19.022 56749.32821649 28.33  95.383413  18.223996 12.661 -100.00 -100.00 -100.00
 211    10.500 56749.32821708 31.13  95.384423  18.226468 20.514 -100.00 -100.00 -100.00
 211    10.617 56749.32821767 36.12  95.385433  18.228941   -100 -100.00 -100.00 -100.00
 211    10.148 56749.32821826 30.34  95.386444  18.231414 21.991 -100.00 -100.00 -100.00
 212    18.997 56759.24385638 23.90  95.385598  18.223040  9.022 -100.00 -100.00 -100.00
 212    18.856 56759.24385697 23.40  95.386608  18.225513  8.885 -100.00 -100.00 -100.00
 212    18.560 56759.24385756 23.73  95.387618  18.227986  7.817 -100.00 -100.00 -100.00
 212    12.156 56759.24385815 23.19  95.388629  18.230458  7.842 -100.00 -100.00 -100.00
 213    18.950 56769.15949009 16.79  95.390356  18.221603  7.781 -100.00 -100.00 -100.00
 213    17.866 56769.15949068 19.18  95.391367  18.224075  9.979 -100.00 -100.00 -100.00
 213    12.393 56769.15949127 24.36  95.392377  18.226548 20.648 -100.00 -100.00 -100.00
 213    12.291 56769.15949186 25.68  95.393387  18.229021 28.424 -100.00 -100.00 -100.00
 214    18.405 56779.07513914 17.72  95.389300  18.221577  6.034 -100.00 -100.00 -100.00
 214    17.954 56779.07513974 18.83  95.390311  18.224049  7.034 -100.00 -100.00 -100.00
 214    17.437 56779.07514033 19.95  95.391321  18.226522  9.383 -100.00 -100.00 -100.00
 214    12.185 56779.07514092 27.76  95.392332  18.228994 30.355 -100.00 -100.00 -100.00
 215    10.744 56788.99079459 27.39  95.385630  18.223279 16.128 -100.00 -100.00 -100.00
 215    10.885 56788.99079518 33.30  95.386641  18.225752 27.870 -100.00 -100.00 -100.00
 215    10.689 56788.99079577 29.70  95.387651  18.228225 23.374 -100.00 -100.00 -100.00
 215    10.059 56788.99079636 35.35  95.388662  18.230697   -100 -100.00 -100.00 -100.00
 216    19.423 56798.90644601 22.30  95.381307  18.223293  5.922 -100.00 -100.00 -100.00
 216    18.686 56798.90644660 22.53  95.382318  18.225765  5.893 -100.00 -100.00 -100.00
 216    18.954 56798.90644719 23.02  95.383328  18.228238  7.742 -100.00 -100.00 -100.00
 216    14.195 56798.90644778 26.71  95.384339  18.230710 13.310 -100.00 -100.00 -100.00
 217    19.413 56808.82209230 18.30  95.381239  18.226563  7.326 -100.00 -100.00 -100.00
 217    18.839 56808.82209289 19.10  95.382249  18.229035  7.146 -100.00 -100.00 -100.00
 217    18.146 56808.82209348 21.73  95.383260  18.231508 11.030 -100.00 -100.00 -100.00
 218    19.750 56818.73773178 24.63  95.382158  18.223281 15.398 -100.00 -100.00 -100.00
 218    20.078 56818.73773237 23.52  95.383169  18.225753 12.243 -100.00 -100.00 -100.00
 218    19.783 56818.73773296 22.08  95.384179  18.228225  9.471 -100.00 -100.00 -100.00
 218    19.687 56818.73773355 22.54  95.385189  18.230698 10.429 -100.00 -100.00 -100.00
 219    19.676 56828.65336891 25.64  95.387001  18.224654  9.890 -100.00 -100.00 -100.00
 219    19.176 56828.65336950 27.64  95.388011  18.227126 16.669 -100.00 -100.00 -100.00
 219    13.004 56828.65337009 35.27  95.389021  18.229598   -100 -100.00 -100.00 -100.00
 220   -49.607 56838.56900204  7.94  95.390742  18.221871  2.010 -100.00 -100.00 -100.00
 220   -48.783 56838.56900263  7.99  95.391752  18.224344  2.021 -100.00 -100.00 -100.00
 220   -47.964 56838.56900322  8.01  95.392763  18.226816  2.177 -100.00 -100.00 -100.00
 220   -45.404 56838.56900381  7.47  95.393773  18.229288  2.135 -100.00 -100.00 -100.00
 221    17.831 56848.48463368 35.21  95.395389  18.223301   -100 -100.00 -100.00 -100.00
 221    17.807 56848.48463427 37.34  95.396399  18.225773   -100 -100.00 -100.00 -100.00
 221    17.826 56848.48463486 37.93  95.397410  18.228245   -100 -100.00 -100.00 -100.00
 222    18.633 56858.40028777 30.17  95.390385  18.222427 19.396 -100.00 -100.00 -100.00
 222    17.329 56858.40028836 35.26  95.391395  18.224899   -100 -100.00 -100.00 -100.00
 222    17.508 56858.40028895 36.35  95.392406  18.227371   -100 -100.00 -100.00 -100.00
 222    17.308 56858.40028954 36.97  95.393416  18.229844   -100 -100.00 -100.00 -100.00
 223    19.372 56868.31594157 27.08  95.387700  18.223660 15.076 -100.00 -100.00 -100.00
 223    19.417 56868.31594216 26.71  95.388710  18.226132 12.759 -100.00 -100.00 -100.00
 223    18.904 56868.31594275 30.45  95.389720  18.228604 25.067 -100.00 -100.00 -100.00
 224    20.033 56878.23159350 27.27  95.386543  18.224690  9.492 -100.00 -100.00 -100.00
 224    17.815 56878.23159409 31.31  95.387553  18.227163 23.567 -100.00 -100.00 -100.00
 224    17.502 56878.23159468 34.71  95.388564  18.229635 31.606 -100.00 -100.00 -100.00
 225    20.186 56888.14724141 31.28  95.384744  18.222476 19.324 -100.00 -100.00 -100.00
 225    19.811 56888.14724200 31.87  95.385755  18.224949 21.463 -100.00 -100.00 -100.00
 225    18.616 56888.14724259 31.28  95.386765  18.227421 19.020 -100.00 -100.00 -100.00
 225    18.788 56888.14724318 38.86  95.387775  18.229893   -100 -100.00 -100.00 -100.00
 226    20.078 56898.06288734 31.08  95.384266  18.223911 18.703 -100.00 -100.00 -100.00
 226    20.160 56898.06288793 28.33  95.385277  18.226383 12.809 -100.00 -100.00 -100.00
 226    20.232 56898.06288852 30.23  95.386287  18.228855 17.978 -100.00 -100.00 -100.00
 226    20.586 56898.06288911 35.47  95.387298  18.231327 28.164 -100.00 -100.00 -100.00
 227    20.565 56907.97853027 29.10  95.382937  18.224626 11.755 -100.00 -100.00 -100.00
 227    20.717 56907.97853086 30.07  95.383948  18.227098 15.988 -100.00 -100.00 -100.00
 227    20.772 56907.97853145 31.52  95.384958  18.229570 19.692 -100.00 -100.00 -100.00
 227    20.849 56907.97853204 37.78  95.385969  18.232043   -100 -100.00 -100.00 -100.00
 228    19.979 56917.89417062 30.41  95.381820  18.223355 29.683 -100.00 -100.00 -100.00
 228    20.117 56917.89417121 24.98  95.382830  18.225827 11.636 -100.00 -100.00 -100.00
 228    18.113 56917.89417180 27.72  95.383841  18.228300 20.819 -100.00 -100.00 -100.00
 228    17.712 56917.89417239 30.50  95.384851  18.230772 30.461 -100.00 -100.00 -100.00
 229    17.727 56927.80980972 31.61  95.384169  18.224622 18.524 -100.00 -100.00 -100.00
 229    17.548 56927.80981031 36.02  95.385179  18.227094   -100 -100.00 -100.00 -100.00
 229    17.756 56927.80981090 39.48  95.386189  18.229566   -100 -100.00 -100.00 -100.00
 230    18.769 56937.72544455 38.60  95.388139  18.223696 28.646 -100.00 -100.00 -100.00
 230    18.755 56937.72544514 47.34  95.389149  18.226168 11.010 -100.00 -100.00 -100.00
 230    18.778 56937.72544573 45.19  95.390159  18.228640   -100 -100.00 -100.00 -100.00
 231    15.440 56947.64107671 31.46  95.393509  18.222705 18.040 -100.00 -100.00 -100.00
 231    17.130 56947.64107730 36.86  95.394519  18.225177   -100 -100.00 -100.00 -100.00
 231    17.198 56947.64107789 40.06  95.395529  18.227649   -100 -100.00 -100.00 -100.00
 231    15.308 56947.64107848 40.16  95.396539  18.230122   -100 -100.00 -100.00 -100.00
 232    14.599 56957.55673029 45.26  95.391141  18.223468  2.089 -100.00 -100.00 -100.00
 232    15.006 56957.55673088 34.35  95.392151  18.225940 15.690 -100.00 -100.00 -100.00
 232    16.881 56957.55673147 41.81  95.393161  18.228412   -100 -100.00 -100.00 -100.00
 233    17.652 56967.47237863 23.40  95.388634  18.223937 14.670 -100.00 -100.00 -100.00
 233    16.442 56967.47237922 28.95  95.389645  18.226409 19.474 -100.00 -100.00 -100.00
 233    16.783 56967.47237981 30.16  95.390655  18.228881 15.723 -100.00 -100.00 -100.00
 234    18.589 56977.38802334 22.47  95.387578  18.224661  9.471 -100.00 -100.00 -100.00
 234    14.135 56977.38802393 29.92  95.388588  18.227133 31.262 -100.00 -100.00 -100.00
 234    15.271 56977.38802452 30.17  95.389599  18.229606 17.887 -100.00 -100.00 -100.00
 235    12.397 56987.30366367 41.15  95.388481  18.224676  1.354 -100.00 -100.00 -100.00
 235    14.068 56987.30366426 31.77  95.389491  18.227148 16.528 -100.00 -100.00 -100.00
 235    14.223 56987.30366485 42.26  95.390501  18.229620   -100 -100.00 -100.00 -100.00
 236    13.796 56997.21929755 22.92  95.391320  18.221200 10.225 -100.00 -100.00 -100.00
 236    13.951 56997.21929814 23.43  95.392331  18.223672 10.421 -100.00 -100.00 -100.00
 236    14.154 56997.21929873 30.00  95.393341  18.226144 23.959 -100.00 -100.00 -100.00
 236    15.184 56997.21929932 30.16  95.394351  18.228617 15.370 -100.00 -100.00 -100.00
 237    17.876 57007.13494454 17.63  95.391755  18.220899  9.425 -100.00 -100.00 -100.00
 237    13.903 57007.13494513 22.05  95.392765  18.223371 17.443 -100.00 -100.00 -100.00
 237    14.143 57007.13494572 26.14  95.393775  18.225843 19.673 -100.00 -100.00 -100.00
 237    15.342 57007.13494631 27.01  95.394786  18.228316 14.501 -100.00 -100.00 -100.00
 238    18.494 57017.05059862 17.36  95.389294  18.221633  8.596 -100.00 -100.00 -100.00
 238    13.161 57017.05059921 24.58  95.390305  18.224105 26.217 -100.00 -100.00 -100.00
 238    13.956 57017.05059980 24.27  95.391315  18.226578 23.075 -100.00 -100.00 -100.00
 238    14.239 57017.05060039 29.01  95.392326  18.229050 26.122 -100.00 -100.00 -100.00
 239    11.344 57026.96624934 30.89  95.387827  18.224507 25.819 -100.00 -100.00 -100.00
 239    11.126 57026.96624993 31.13  95.388837  18.226979 32.435 -100.00 -100.00 -100.00
 239    13.175 57026.96625052 32.77  95.389848  18.229451   -100 -100.00 -100.00 -100.00
 240    10.948 57036.88189723 51.52  95.385790  18.224040 18.586 -100.00 -100.00 -100.00
 240    11.091 57036.88189782 53.70  95.386801  18.226513 26.458 -100.00 -100.00 -100.00
 240    10.840 57036.88189841 37.58  95.387811  18.228985   -100 -100.00 -100.00 -100.00
 241    10.912 57046.79754243 49.58  95.385466  18.222872   -100 -100.00 -100.00 -100.00
 241    11.098 57046.79754302 47.87  95.386476  18.225345 18.110 -100.00 -100.00 -100.00
 241    10.985 57046.79754361 42.35  95.387487  18.227817  7.607 -100.00 -100.00 -100.00
 241    10.909 57046.79754420 28.98  95.388497  18.230290 26.791 -100.00 -100.00 -100.00
 242    10.961 57056.71318449 54.22  95.387449  18.222810  4.732 -100.00 -100.00 -100.00
 242    10.747 57056.71318508 52.59  95.388459  18.225283 18.620 -100.00 -100.00 -100.00
 242    10.770 57056.71318567 34.60  95.389470  18.227755   -100 -100.00 -100.00 -100.00
 242    12.735 57056.71318626 30.75  95.390480  18.230228 32.000 -100.00 -100.00 -100.00
 243    17.691 57066.62882149 25.31  95.390527  18.223533 13.937 -100.00 -100.00 -100.00
 243    17.813 57066.62882208 23.54  95.391538  18.226006 11.718 -100.00 -100.00 -100.00
 243    13.582 57066.62882267 31.97  95.392548  18.228478 32.481 -100.00 -100.00 -100.00
 244    10.582 57076.54445345 51.56  95.391723  18.220895 22.376 -100.00 -100.00 -100.00
 244    10.342 57076.54445404 41.23  95.392733  18.223368   -100 -100.00 -100.00 -100.00
 244    10.421 57076.54445463 36.81  95.393744  18.225840 23.631 -100.00 -100.00 -100.00
 244    13.740 57076.54445522 38.90  95.394754  18.228313   -100 -100.00 -100.00 -100.00
 245    11.844 57086.46008373 29.31  95.395472  18.222521 12.693 -100.00 -100.00 -100.00
 245    11.984 57086.46008432 32.29  95.396483  18.224994 18.831 -100.00 -100.00 -100.00
 245    12.393 57086.46008491 28.61  95.397493  18.227466 11.365 -100.00 -100.00 -100.00
 245    12.789 57086.46008550 30.50  95.398504  18.229939 16.332 -100.00 -100.00 -100.00
 246    10.746 57096.37574227 27.31  95.389399  18.221964 12.490 -100.00 -100.00 -100.00
 246    11.824 57096.37574286 26.26  95.390409  18.224436 12.289 -100.00 -100.00 -100.00
 246    12.140 57096.37574345 25.24  95.391420  18.226909  7.758 -100.00 -100.00 -100.00
 246    11.898 57096.37574404 32.52  95.392430  18.229381 27.376 -100.00 -100.00 -100.00
 247    19.041 57106.29139883 20.33  95.386482  18.223959 13.251 -100.00 -100.00 -100.00
 247    18.862 57106.29139942 18.79  95.387492  18.226432  9.479 -100.00 -100.00 -100.00
 247    18.705 57106.29140001 18.36  95.388503  18.228904  9.870 -100.00 -100.00 -100.00
 248    19.310 57116.20705043 20.02  95.385749  18.223928  5.128 -100.00 -100.00 -100.00
 248    19.195 57116.20705102 20.01  95.386760  18.226401  5.597 -100.00 -100.00 -100.00
 248    18.872 57116.20705161 19.89  95.387770  18.228874  5.411 -100.00 -100.00 -100.00
 248    18.702 57116.20705220 20.65  95.388780  18.231346  6.622 -100.00 -100.00 -100.00
 249    10.918 57126.12269601 46.84  95.386696  18.224906   -100 -100.00 -100.00 -100.00
 249    11.016 57126.12269660 37.52  95.387707  18.227379   -100 -100.00 -100.00 -100.00
 249    10.812 57126.12269719 33.65  95.388717  18.229852 30.740 -100.00 -100.00 -100.00
 250    11.563 57136.03833555 33.12  95.387022  18.223786 32.507 -100.00 -100.00 -100.00
 250    11.315 57136.03833614 34.62  95.388033  18.226258   -100 -100.00 -100.00 -100.00
 250    11.610 57136.03833673 28.64  95.389043  18.228731 18.827 -100.00 -100.00 -100.00
 251    11.871 57145.95397121 27.86  95.389368  18.224367 26.093 -100.00 -100.00 -100.00
 251    11.734 57145.95397181 28.38  95.390378  18.226839 32.046 -100.00 -100.00 -100.00
 251    12.029 57145.95397240 31.43  95.391389  18.229312   -100 -100.00 -100.00 -100.00
 252    11.682 57155.86960357 42.13  95.391555  18.221484   -100 -100.00 -100.00 -100.00
 252    11.444 57155.86960416 31.58  95.392566  18.223957 30.938 -100.00 -100.00 -100.00
 252    12.025 57155.86960475 31.19  95.393576  18.226429 29.939 -100.00 -100.00 -100.00
 252    12.960 57155.86960534 34.06  95.394587  18.228901   -100 -100.00 -100.00 -100.00
 253    11.698 57165.78524457 23.57  95.392886  18.221079 20.717 -100.00 -100.00 -100.00
 253    11.867 57165.78524516 25.31  95.393897  18.223551 23.547 -100.00 -100.00 -100.00
 253    12.818 57165.78524576 26.94  95.394907  18.226024 31.527 -100.00 -100.00 -100.00
 253    13.078 57165.78524635 27.84  95.395917  18.228496 30.669 -100.00 -100.00 -100.00
 253    12.571 57165.78524694 30.31  95.396928  18.230968   -100 -100.00 -100.00 -100.00
 254    12.161 57175.70090060 23.50  95.390274  18.221998 17.488 -100.00 -100.00 -100.00
 254    11.900 57175.70090119 26.20  95.391285  18.224470 29.551 -100.00 -100.00 -100.00
 254    12.518 57175.70090178 27.32  95.392295  18.226942 25.575 -100.00 -100.00 -100.00
 254    13.037 57175.70090237 27.74  95.393305  18.229415 24.574 -100.00 -100.00 -100.00
 255    17.923 57185.61655313 15.98  95.389043  18.223383  7.996 -100.00 -100.00 -100.00
 255    12.211 57185.61655372 22.74  95.390053  18.225855 23.141 -100.00 -100.00 -100.00
 255    12.420 57185.61655431 22.57  95.391063  18.228327 22.090 -100.00 -100.00 -100.00
 255    13.026 57185.61655490 24.98  95.392074  18.230799 19.045 -100.00 -100.00 -100.00
 256    17.636 57195.53220137 27.00  95.387663  18.222913 15.667 -100.00 -100.00 -100.00
 256    15.399 57195.53220196 34.52  95.388673  18.225385   -100 -100.00 -100.00 -100.00
 256    15.429 57195.53220255 31.86  95.389684  18.227857 24.649 -100.00 -100.00 -100.00
 256    14.752 57195.53220314 36.41  95.390694  18.230330   -100 -100.00 -100.00 -100.00
 257    19.374 57205.44783647 26.44  95.386686  18.223521 11.431 -100.00 -100.00 -100.00
 257    17.176 57205.44783706 34.53  95.387696  18.225993   -100 -100.00 -100.00 -100.00
 257    17.849 57205.44783765 36.21  95.388707  18.228465 24.529 -100.00 -100.00 -100.00
 257    17.448 57205.44783824 36.48  95.389717  18.230937 32.032 -100.00 -100.00 -100.00
 258    19.089 57215.36348173 28.81  95.385789  18.222844 14.662 -100.00 -100.00 -100.00
 258    18.461 57215.36348232 33.66  95.386799  18.225317 30.007 -100.00 -100.00 -100.00
 258    18.428 57215.36348291 37.57  95.387809  18.227789   -100 -100.00 -100.00 -100.00
 258    18.827 57215.36348350 37.42  95.388820  18.230261 28.870 -100.00 -100.00 -100.00
 259    18.744 57225.27912630 30.92  95.387288  18.224002 21.831 -100.00 -100.00 -100.00
 259    18.097 57225.27912689 33.44  95.388298  18.226474   -100 -100.00 -100.00 -100.00
 259    18.377 57225.27912748 36.66  95.389309  18.228946   -100 -100.00 -100.00 -100.00
 260    20.739 57235.19476826 25.17  95.388407  18.222157  6.050 -100.00 -100.00 -100.00
 260    20.699 57235.19476885 24.87  95.389417  18.224629  6.533 -100.00 -100.00 -100.00
 260    20.798 57235.19476944 25.00  95.390428  18.227101  7.173 -100.00 -100.00 -100.00
 260    20.905 57235.19477003 24.27  95.391438  18.229574  5.996 -100.00 -100.00 -100.00
 261    20.416 57245.11040717 27.43  95.390052  18.222043  8.584 -100.00 -100.00 -100.00
 261    20.369 57245.11040776 26.26  95.391063  18.224515  7.562 -100.00 -100.00 -100.00
 261    20.341 57245.11040835 26.69  95.392073  18.226987  8.078 -100.00 -100.00 -100.00
 261    20.602 57245.11040894 26.59  95.393083  18.229459  8.152 -100.00 -100.00 -100.00
 262    19.326 57255.02604362 34.89  95.391729  18.223424 31.617 -100.00 -100.00 -100.00
 262    19.608 57255.02604421 35.94  95.392739  18.225896 28.708 -100.00 -100.00 -100.00
 262    20.514 57255.02604480 38.20  95.393750  18.228368 16.635 -100.00 -100.00 -100.00
 263    20.318 57264.94167813 30.52  95.392553  18.222832 17.770 -100.00 -100.00 -100.00
 263    20.233 57264.94167872 31.55  95.393563  18.225304 20.983 -100.00 -100.00 -100.00
 263    20.160 57264.94167931 30.86  95.394573  18.227776 18.213 -100.00 -100.00 -100.00
 263    20.159 57264.94167990 33.53  95.395584  18.230248 28.032 -100.00 -100.00 -100.00
 264    20.757 57274.85731927 28.65  95.393143  18.222923 12.581 -100.00 -100.00 -100.00
 264    20.807 57274.85731986 29.63  95.394154  18.225395 13.667 -100.00 -100.00 -100.00
 264    20.725 57274.85732045 30.24  95.395164  18.227868 15.719 -100.00 -100.00 -100.00
 264    20.592 57274.85732104 29.04  95.396174  18.230340 12.870 -100.00 -100.00 -100.00
 265    20.929 57284.77297571 37.53  95.390381  18.222099 23.984 -100.00 -100.00 -100.00
 265    20.902 57284.77297630 35.42  95.391391  18.224571 17.112 -100.00 -100.00 -100.00
 265    20.786 57284.77297689 35.29  95.392401  18.227043 18.299 -100.00 -100.00 -100.00
 265    20.987 57284.77297748 34.80  95.393411  18.229516 15.429 -100.00 -100.00 -100.00
 266    19.066 57294.68862998 34.51  95.389577  18.223630 24.008 -100.00 -100.00 -100.00
 266    19.093 57294.68863058 39.00  95.390588  18.226102   -100 -100.00 -100.00 -100.00
 266    19.018 57294.68863117 39.95  95.391598  18.228574   -100 -100.00 -100.00 -100.00
 267    18.912 57304.60428015 31.88  95.387698  18.222599 19.627 -100.00 -100.00 -100.00
 267    19.357 57304.60428074 33.08  95.388708  18.225071 22.427 -100.00 -100.00 -100.00
 267    19.153 57304.60428133 37.50  95.389718  18.227543 29.867 -100.00 -100.00 -100.00
 267    19.742 57304.60428192 38.23  95.390728  18.230015 16.985 -100.00 -100.00 -100.00
 268    19.322 57314.51992729 31.11  95.386360  18.224437 11.815 -100.00 -100.00 -100.00
 268    19.603 57314.51992788 38.01  95.387371  18.226909 29.250 -100.00 -100.00 -100.00
 268    19.814 57314.51992847 38.76  95.388381  18.229381 31.336 -100.00 -100.00 -100.00
 269    20.436 57324.43557068 24.36  95.383698  18.222966  8.780 -100.00 -100.00 -100.00
 269    20.353 57324.43557127 22.61  95.384709  18.225438  6.500 -100.00 -100.00 -100.00
 269    19.847 57324.43557186 23.72  95.385719  18.227910  8.300 -100.00 -100.00 -100.00
 269    17.763 57324.43557245 30.28  95.386729  18.230382 22.676 -100.00 -100.00 -100.00
 270    20.024 57334.35121335 23.35  95.384687  18.224939 11.909 -100.00 -100.00 -100.00
 270    19.529 57334.35121394 27.19  95.385698  18.227411 23.462 -100.00 -100.00 -100.00
 270    19.540 57334.35121454 23.73  95.386708  18.229883 10.539 -100.00 -100.00 -100.00
 271    19.632 57344.26685354 23.69  95.386588  18.223401 14.253 -100.00 -100.00 -100.00
 271    17.534 57344.26685413 26.88  95.387599  18.225874 25.983 -100.00 -100.00 -100.00
 271    17.117 57344.26685472 28.58  95.388609  18.228346 26.368 -100.00 -100.00 -100.00
 271    16.947 57344.26685531 29.66  95.389619  18.230818 25.288 -100.00 -100.00 -100.00
 272    18.305 57354.18250768 29.06  95.384620  18.223376 15.939 -100.00 -100.00 -100.00
 272    18.145 57354.18250828 27.19  95.385630  18.225848  9.846 -100.00 -100.00 -100.00
 272    14.197 57354.18250887 32.54  95.386640  18.228320 24.223 -100.00 -100.00 -100.00
 272    14.035 57354.18250946 28.02  95.387651  18.230793 11.712 -100.00 -100.00 -100.00
 273    19.680 57364.09815237 19.82  95.385878  18.224414  9.695 -100.00 -100.00 -100.00
 273    18.979 57364.09815296 22.74  95.386888  18.226886 16.239 -100.00 -100.00 -100.00
 273    13.716 57364.09815355 28.23  95.387898  18.229358   -100 -100.00 -100.00 -100.00
 274    12.939 57374.01379332 28.09  95.387009  18.224783  9.236 -100.00 -100.00 -100.00
 274    13.481 57374.01379391 28.62  95.388020  18.227255 11.023 -100.00 -100.00 -100.00
 274    13.820 57374.01379450 28.92  95.389030  18.229727 10.613 -100.00 -100.00 -100.00
 275    12.380 57383.92943156 52.47  95.387243  18.222576   -100 -100.00 -100.00 -100.00
 275    12.131 57383.92943215 44.23  95.388253  18.225048 11.264 -100.00 -100.00 -100.00
 275    12.129 57383.92943274 31.94  95.389263  18.227521   -100 -100.00 -100.00 -100.00
 275    13.693 57383.92943334 31.97  95.390274  18.229993 26.947 -100.00 -100.00 -100.00
 276    11.821 57393.84506996 27.49  95.389745  18.223203 17.455 -100.00 -100.00 -100.00
 276    17.795 57393.84507055 23.75  95.390756  18.225675  8.804 -100.00 -100.00 -100.00
 276    15.987 57393.84507114 24.30  95.391766  18.228147  9.800 -100.00 -100.00 -100.00
 276    15.299 57393.84507173 35.59  95.392777  18.230620   -100 -100.00 -100.00 -100.00
 277    17.002 57403.76070727 24.49  95.393184  18.222806 12.337 -100.00 -100.00 -100.00
 277    17.193 57403.76070786 22.35  95.394195  18.225278  7.476 -100.00 -100.00 -100.00
 277    15.014 57403.76070845 34.81  95.395205  18.227751   -100 -100.00 -100.00 -100.00
 277    14.921 57403.76070904 32.51  95.396215  18.230223 27.216 -100.00 -100.00 -100.00
 278    17.734 57413.67635249 21.59  95.393365  18.221277  7.597 -100.00 -100.00 -100.00
 278    17.541 57413.67635308 21.56  95.394376  18.223749  8.132 -100.00 -100.00 -100.00
 278    14.810 57413.67635367 29.42  95.395386  18.226222 24.997 -100.00 -100.00 -100.00
 278    15.158 57413.67635426 29.95  95.396396  18.228694 21.710 -100.00 -100.00 -100.00
 278    15.198 57413.67635485 32.42  95.397407  18.231167 14.355 -100.00 -100.00 -100.00
 279    11.543 57423.59200362 43.33  95.390602  18.221352   -100 -100.00 -100.00 -100.00
 279    11.319 57423.59200421 32.04  95.391613  18.223824 23.579 -100.00 -100.00 -100.00
 279    12.972 57423.59200480 28.48  95.392623  18.226297 11.907 -100.00 -100.00 -100.00
 279    15.032 57423.59200539 33.39  95.393633  18.228769 20.547 -100.00 -100.00 -100.00
 280    11.278 57433.50765283 36.25  95.387991  18.224829 21.323 -100.00 -100.00 -100.00
 280    11.013 57433.50765342 33.41  95.389002  18.227301 15.600 -100.00 -100.00 -100.00
 280    13.149 57433.50765401 33.12  95.390012  18.229774 14.022 -100.00 -100.00 -100.00
 281    19.360 57443.42329933 25.11  95.384289  18.223499 20.225 -100.00 -100.00 -100.00
 281    19.399 57443.42329992 24.63  95.385299  18.225971 18.995 -100.00 -100.00 -100.00
 281    19.158 57443.42330051 23.53  95.386310  18.228444 14.598 -100.00 -100.00 -100.00
 281    18.956 57443.42330110 22.93  95.387320  18.230916 13.474 -100.00 -100.00 -100.00
 282    19.529 57453.33894563 25.73  95.383316  18.222646 18.206 -100.00 -100.00 -100.00
 282    19.142 57453.33894622 26.91  95.384327  18.225119 24.691 -100.00 -100.00 -100.00
 282    19.420 57453.33894681 23.83  95.385337  18.227591 14.048 -100.00 -100.00 -100.00
 282    19.045 57453.33894740 27.40  95.386348  18.230064 26.100 -100.00 -100.00 -100.00
 283    19.250 57463.25459103 21.19  95.385604  18.224455  9.255 -100.00 -100.00 -100.00
 283    19.162 57463.25459162 20.49  95.386615  18.226928  8.295 -100.00 -100.00 -100.00
 283    18.504 57463.25459221 24.59  95.387625  18.229400 18.788 -100.00 -100.00 -100.00
 284    18.820 57473.17023221 19.29  95.388872  18.223178 11.826 -100.00 -100.00 -100.00
 284    18.679 57473.17023280 18.35  95.389882  18.225651  9.116 -100.00 -100.00 -100.00
 284    13.575 57473.17023339 22.18  95.390893  18.228123 18.591 -100.00 -100.00 -100.00
 284    13.968 57473.17023398 25.87  95.391903  18.230596 27.663 -100.00 -100.00 -100.00
 285    18.018 57483.08586941 20.87  95.391296  18.221955  7.111 -100.00 -100.00 -100.00
 285    17.986 57483.08587000 19.93  95.392306  18.224427  6.761 -100.00 -100.00 -100.00
 285    14.071 57483.08587059 24.74  95.393317  18.226900 17.210 -100.00 -100.00 -100.00
 285    14.225 57483.08587118 28.74  95.394327  18.229373 27.022 -100.00 -100.00 -100.00
 286    17.384 57493.00150374 20.08  95.393122  18.222908  9.921 -100.00 -100.00 -100.00
 286    13.849 57493.00150433 19.11  95.394133  18.225380  7.284 -100.00 -100.00 -100.00
 286    13.847 57493.00150492 21.42  95.395143  18.227853 11.463 -100.00 -100.00 -100.00
 286    13.477 57493.00150551 28.02  95.396154  18.230325 24.206 -100.00 -100.00 -100.00
 287    13.392 57502.91713550 24.42  95.394977  18.222285 19.456 -100.00 -100.00 -100.00
 287    13.129 57502.91713609 25.84  95.395987  18.224757 25.560 -100.00 -100.00 -100.00
 287    13.259 57502.91713668 28.29  95.396998  18.227230 32.553 -100.00 -100.00 -100.00
 287    13.350 57502.91713727 29.14  95.398008  18.229702   -100 -100.00 -100.00 -100.00
 288    16.076 57512.83278658 55.42  95.392253  18.222403 18.962 -100.00 -100.00 -100.00
 288    16.064 57512.83278717 38.40  95.393263  18.224876   -100 -100.00 -100.00 -100.00
 288    15.937 57512.83278776 32.70  95.394274  18.227348 24.615 -100.00 -100.00 -100.00
 288    15.704 57512.83278835 35.96  95.395284  18.229821 28.235 -100.00 -100.00 -100.00
 289    14.006 57522.74844068 24.73  95.389967  18.221825 24.133 -100.00 -100.00 -100.00
 289    14.253 57522.74844127 25.34  95.390978  18.224297 22.269 -100.00 -100.00 -100.00
 289    14.253 57522.74844186 29.15  95.391988  18.226770   -100 -100.00 -100.00 -100.00
 289    14.132 57522.74844245 29.46  95.392998  18.229242   -100 -100.00 -100.00 -100.00
 290    14.075 57532.66409308 27.82  95.389859  18.223223 21.088 -100.00 -100.00 -100.00
 290    13.618 57532.66409367 30.32  95.390869  18.225695 31.459 -100.00 -100.00 -100.00
 290    13.933 57532.66409426 30.49  95.391880  18.228167 29.649 -100.00 -100.00 -100.00
 290    14.241 57532.66409485 32.30  95.392890  18.230640   -100 -100.00 -100.00 -100.00
 291    17.457 57542.57974209 35.34  95.389129  18.223672   -100 -100.00 -100.00 -100.00
 291    17.409 57542.57974268 35.52  95.390139  18.226144 32.402 -100.00 -100.00 -100.00
 291    17.353 57542.57974327 37.48  95.391150  18.228616   -100 -100.00 -100.00 -100.00
 292    19.949 57552.49538810 26.94  95.387281  18.222510  9.472 -100.00 -100.00 -100.00
 292    19.764 57552.49538869 27.61  95.388291  18.224982 12.430 -100.00 -100.00 -100.00
 292    16.018 57552.49538928 37.73  95.389302  18.227455   -100 -100.00 -100.00 -100.00
 292    16.324 57552.49538987 35.13  95.390312  18.229927 30.361 -100.00 -100.00 -100.00
 293    19.759 57562.41103321 27.03  95.386095  18.222690 11.679 -100.00 -100.00 -100.00
 293    19.506 57562.41103380 28.36  95.387106  18.225162 13.634 -100.00 -100.00 -100.00
 293    18.561 57562.41103439 36.73  95.388116  18.227635   -100 -100.00 -100.00 -100.00
 293    18.432 57562.41103498 35.61  95.389126  18.230107 30.734 -100.00 -100.00 -100.00
 294    19.827 57572.32667809 30.89  95.385727  18.222704 17.231 -100.00 -100.00 -100.00
 294    19.754 57572.32667868 30.68  95.386737  18.225176 15.762 -100.00 -100.00 -100.00
 294    18.905 57572.32667927 34.78  95.387748  18.227648   -100 -100.00 -100.00 -100.00
 294    19.200 57572.32667986 38.33  95.388758  18.230121   -100 -100.00 -100.00 -100.00
 295    20.312 57582.24232301 32.98  95.386629  18.222793 16.954 -100.00 -100.00 -100.00
 295    20.469 57582.24232360 33.14  95.387639  18.225265 16.469 -100.00 -100.00 -100.00
 295    20.526 57582.24232419 41.30  95.388650  18.227738   -100 -100.00 -100.00 -100.00
 295    20.703 57582.24232478 40.31  95.389660  18.230210 28.705 -100.00 -100.00 -100.00
 296    20.784 57592.15796620 31.39  95.388409  18.223218 15.690 -100.00 -100.00 -100.00
 296    20.982 57592.15796679 34.72  95.389419  18.225690 23.880 -100.00 -100.00 -100.00
 296    21.228 57592.15796739 39.26  95.390429  18.228162 27.454 -100.00 -100.00 -100.00
 296    21.522 57592.15796798 39.30  95.391440  18.230634 20.348 -100.00 -100.00 -100.00
 297    20.662 57602.07360654 25.12  95.389216  18.223233  6.649 -100.00 -100.00 -100.00
 297    19.793 57602.07360713 25.72  95.390226  18.225706  7.114 -100.00 -100.00 -100.00
 297    20.563 57602.07360772 24.49  95.391236  18.228178  6.523 -100.00 -100.00 -100.00
 297    20.393 57602.07360831 24.27  95.392247  18.230650  5.988 -100.00 -100.00 -100.00
