-229794.340   674.759     0.00  155.89
-229506.816   611.566  -219.82  172.10
-229219.307   552.115  -206.82  148.59
-228931.810   503.218  -170.11  117.40
-228644.327   480.186   -80.13   98.51
-228356.857   477.430    -9.59  101.25
-228069.401   518.839   144.08  136.14
-227781.958   585.127   230.65  160.93
-227494.528   666.582   283.44  167.76
-227207.111   744.832   272.30  176.24
-226919.708   836.608   319.38  176.03
-226632.319   906.599   243.58  153.41
-226344.942   944.309   131.25  126.82
-226057.579   938.877   -18.91  144.40
-225770.229   918.163   -72.10  172.37
-225482.893   874.727  -151.19  190.89
-225195.570   827.637  -163.92  186.63
-224908.260   767.627  -208.90  156.88
-224620.964   732.259  -123.13  129.26
-224333.681   693.824  -133.81  125.24
-224046.411   642.309  -179.36  140.66
-223759.154   592.427  -173.68  143.16
-223471.911   529.041  -220.71  147.57
-223184.681   445.847  -289.69  152.10
-222897.465   383.171  -218.26  128.60
-222610.262   353.991  -101.62  106.54
-222323.072   344.909   -31.63  105.27
-222035.895   379.145   119.24  134.54
-221746.703   418.074   134.64  165.15
-221456.649   504.071   296.54  208.66
-221166.609   605.235   348.85  218.97
-220876.583   704.531   342.43  203.45
-220586.570   775.446   244.57  182.85
-220296.571   817.870   146.32  162.44
-220006.585   824.384    22.47  152.47
-219716.613   826.163     6.13  155.77
-219426.654   830.041    13.38  170.56
-219136.709   802.555   -94.81  168.56
-218846.778   789.574   -44.78  161.17
-218556.860   785.384   -14.46  169.33
-218266.956   759.824   -88.18  176.86
-217977.066   720.339  -136.23  189.82
-217687.189   654.727  -226.38  178.04
-217397.325   595.264  -205.18  159.28
-217107.475   528.924  -228.91  138.18
-216817.639   479.002  -172.27  115.41
-216527.816   440.036  -134.47   94.52
-216238.007   398.787  -142.36   93.40
-215948.211   365.115  -116.21   88.11
-215658.429   335.474  -102.31   72.65
-215368.661   318.280   -59.35   63.48
-215078.906   306.902   -39.27   57.13
-214789.164   317.694    37.25   69.45
-214499.436   354.683   127.69   93.00
-214209.722   412.779   200.56  110.73
-213920.021   465.648   182.53  114.09
-213630.334   519.921   187.38  112.55
-213340.660   576.961   196.94   90.54
-213051.000   611.833   120.41   70.55
-212761.353   626.158    49.47   56.86
-212471.720   621.233   -17.00   60.27
-212182.101   608.757   -43.09   76.33
-211892.495   580.188   -98.66   92.82
-211602.902   537.355  -147.93  106.77
-211313.323   485.855  -177.87  102.33
-211023.757   442.034  -151.36   95.06
-210734.205   400.461  -143.60   89.58
-210444.667   346.145  -187.62   98.06
-210155.142   304.104  -145.23   99.52
-209865.630   284.220   -68.69   97.23
-209576.132   296.203    41.40  122.43
-209286.648   330.971   120.12  162.18
-208997.177   405.278   256.74  219.14
-208707.719   499.235   324.65  237.67
-208418.275   582.145   286.49  203.32
-208128.845   636.957   189.41  141.59
-207839.428   647.474    36.34  116.64
-207550.024   624.567   -79.16  136.49
-207260.634   570.050  -188.41  145.62
-206971.257   513.186  -196.54  123.36
-206681.894   470.582  -147.26  104.16
-206392.544   443.521   -93.54   94.60
-206103.208   418.653   -85.96   94.63
-205813.885   410.658   -27.64   92.77
-205524.576   394.476   -55.94  104.02
-205235.280   373.439   -72.73  115.10
-204945.998   345.643   -96.10  116.23
-204656.729   313.056  -112.67  106.02
-204367.474   286.839   -90.65   89.97
-204078.232   271.840   -51.87   80.19
-203789.003   258.712   -45.39   73.35
-203499.788   253.232   -18.95   72.79
-203210.586   237.559   -54.20   66.12
-202921.398   222.824   -50.96   62.30
-202632.223   212.906   -34.30   57.56
-202343.062   199.648   -45.86   55.69
-202053.914   182.757   -58.42   48.54
-201764.779   175.399   -25.45   37.64
-201475.658   172.467   -10.14   35.94
-201186.551   175.930    11.98   41.56
-200897.456   175.586    -1.19   42.84
-200608.376   173.658    -6.67   42.18
-200319.308   173.618    -0.14   38.59
-200030.254   169.698   -13.57   38.51
-199741.214   160.203   -32.85   35.99
-199452.186   151.174   -31.24   30.10
-199163.173   145.951   -18.08   22.54
-198874.172   141.855   -14.18   17.74
-198585.185   140.906    -3.28   16.76
-198296.212   140.906     0.00   17.36
-198007.252   144.203    11.41   16.83
-197718.305   146.740     8.78   16.29
-197429.372   144.785    -6.77   17.13
-197140.452   140.324   -15.44   16.04
-196851.545   135.638   -16.22   14.72
-196562.652   131.236   -15.24   13.10
-196273.772   125.100   -21.24   13.93
-195984.905   117.996   -24.60   11.36
-195696.052   114.244   -12.99   11.81
-195407.213   111.324   -10.11   12.83
-195118.386   111.112    -0.73   15.66
-194829.573   115.071    13.71   22.85
-194540.774   119.471    15.24   26.82
-194251.988   123.608    14.33   28.19
-193963.215   125.698     7.24   28.86
-193674.455   127.619     6.66   28.40
-193385.709   128.459     2.91   27.34
-193096.976   125.940    -8.73   25.97
-192808.257   122.175   -13.04   25.35
-192519.550   116.766   -18.74   24.13
-192230.858   111.951   -16.68   21.95
-191942.178   105.809   -21.28   17.97
-191653.512   101.801   -13.89   15.45
-191364.859    98.491   -11.47   12.38
-191076.220    95.663    -9.80    9.35
-190787.594    94.824    -2.91    7.82
-190498.981    94.001    -2.85    8.02
-190210.382    94.779     2.69    8.50
-189921.795    94.848     0.24    8.95
-189633.223    95.143     1.02    9.12
-189344.663    94.617    -1.82    9.20
-189056.117    93.247    -4.75    8.89
-188767.584    91.604    -5.70    8.94
-188479.065    88.961    -9.16    8.18
-188190.558    87.370    -5.52    7.74
-187902.065    86.981    -1.35    7.36
-187613.586    87.429     1.55    6.97
-187325.119    87.244    -0.64    6.67
-187036.666    87.742     1.73    6.54
-186748.227    87.727    -0.05    5.95
-186459.800    88.218     1.70    5.66
-186171.387    89.127     3.15    4.48
-185882.987    88.228    -3.12    4.62
-185594.600    85.461    -9.60    6.25
-185306.227    83.437    -7.02    7.01
-185017.867    82.430    -3.49    6.40
-184729.520    82.340    -0.32    6.44
-184441.187    81.877    -1.61    6.36
-184152.867    81.612    -0.92    6.26
-183864.560    81.817     0.71    6.76
-183576.266    81.673    -0.50    6.68
-183287.986    81.632    -0.14    6.70
-182999.719    81.203    -1.49    6.61
-182711.465    81.188    -0.05    6.35
-182423.224    81.718     1.84    6.42
-182134.997    82.552     2.89    6.60
-181846.782    84.097     5.36    6.25
-181558.582    85.341     4.32    5.28
-181270.394    85.986     2.24    4.92
-180982.220    86.294     1.07    4.77
-180694.058    86.885     2.05    5.13
-180405.910    86.794    -0.32    5.19
-180117.776    87.036     0.84    5.03
-179829.654    87.127     0.32    5.34
-179541.546    88.082     3.32    5.33
-179253.451    88.643     1.94    4.90
-178965.369    88.384    -0.90    4.87
-178677.301    88.354    -0.10    4.55
-178389.246    88.188    -0.58    4.54
-178101.203    87.892    -1.03    4.51
-177813.175    87.809    -0.29    4.12
-177525.159    88.355     1.90    4.36
-177237.156    88.909     1.92    4.73
-176949.167    89.429     1.81    5.07
-176661.191    89.707     0.97    5.30
-176373.228    89.339    -1.28    5.64
-176085.279    89.112    -0.79    6.10
-175797.342    88.776    -1.17    6.29
-175509.419    88.112    -2.31    5.82
-175221.509    88.260     0.51    5.28
-174933.612    87.955    -1.06    4.65
-174645.728    88.175     0.76    4.93
-174357.858    88.683     1.76    5.27
-174070.000    89.474     2.75    4.95
-173782.156    89.841     1.27    4.81
-173494.325    89.930     0.31    4.86
-173206.508    88.981    -3.30    5.15
-172918.703    88.961    -0.07    4.76
-172630.912    88.976     0.05    4.38
-172343.133    89.355     1.32    4.40
-172055.368    89.847     1.71    4.49
-171767.616    90.678     2.89    3.80
-171479.877    91.673     3.46    3.54
-171192.152    92.308     2.21    2.98
-170904.439    92.518     0.73    2.89
-170616.740    92.233    -0.99    3.02
-170329.054    91.951    -0.98    3.12
-170041.381    92.601     2.26    3.65
-169753.721    93.921     4.59    4.46
-169466.074    94.808     3.08    5.29
-169178.440    96.247     5.00    5.76
-168890.820    97.461     4.22    5.43
-168603.213    97.638     0.62    6.28
-168315.618    96.966    -2.34    7.97
-168028.037    94.863    -7.31    9.24
-167740.469    91.643   -11.20   10.01
-167452.915    88.357   -11.43   10.00
-167165.373    85.082   -11.39    9.16
-166877.844    81.668   -11.88    7.26
-166590.329    79.265    -8.36    4.82
-166302.826    78.233    -3.59    3.52
-166015.337    79.668     4.99    6.41
-165727.861    81.971     8.01    8.36
-165440.398    83.521     5.40    8.47
-165152.948    84.755     4.29    7.98
-164865.511    85.127     1.30    7.58
-164578.087    85.235     0.37    7.17
-164290.677    84.840    -1.38    6.35
-164003.279    83.597    -4.32    5.84
-163715.895    83.099    -1.73    4.74
-163428.523    82.855    -0.85    5.09
-163141.165    82.841    -0.05    5.05
-162853.820    82.991     0.52    5.20
-162566.488    81.567    -4.96    4.47
-162279.169    80.712    -2.97    4.72
-161991.863    80.385    -1.14    4.73
-161704.570    79.889    -1.73    4.34
-161417.290    80.127     0.83    4.76
-161130.023    80.896     2.68    5.84
-160842.770    82.658     6.13    6.81
-160555.529    84.175     5.28    7.13
-160268.301    85.780     5.59    6.54
-159981.087    86.264     1.68    6.84
-159693.156    86.678     1.44    7.19
-159403.109    86.900     0.77    7.44
-159113.075    87.531     2.17    7.47
-158823.054    87.673     0.49    8.13
-158533.046    87.946     0.94    8.24
-158243.052    87.633    -1.08    8.63
-157953.072    87.617    -0.06    8.35
-157663.104    86.698    -3.17    8.10
-157373.150    84.865    -6.32    7.56
-157083.209    83.824    -3.59    6.56
-156793.282    83.071    -2.60    5.45
-156503.368    82.854    -0.75    5.53
-156213.467    83.280     1.47    5.59
-155923.580    84.277     3.44    6.21
-155633.706    85.688     4.87    6.58
-155343.845    87.341     5.70    6.82
-155053.998    87.461     0.41    6.89
-154764.164    87.802     1.18    6.73
-154474.343    87.653    -0.52    6.39
-154184.535    87.430    -0.77    5.94
-153894.741    86.617    -2.81    5.62
-153604.960    85.562    -3.64    4.51
-153315.193    85.386    -0.61    4.06
-153025.438    86.124     2.55    4.08
-152735.697    86.567     1.53    4.28
-152445.970    86.491    -0.26    4.30
-152156.255    85.801    -2.38    4.49
-151866.554    85.220    -2.01    4.31
-151576.866    85.111    -0.38    4.35
-151287.192    84.703    -1.41    4.21
-150997.530    84.643    -0.21    4.10
-150707.882    85.589     3.27    5.29
-150418.248    86.673     3.74    5.66
-150128.626    87.801     3.90    5.15
-149839.018    87.976     0.60    5.14
-149549.423    88.099     0.42    5.03
-149259.842    88.597     1.72    4.58
-148970.273    89.567     3.35    4.95
-148680.718    90.118     1.91    4.73
-148391.176    89.463    -2.26    4.64
-148101.648    89.036    -1.47    4.90
-147812.132    88.943    -0.32    4.75
-147522.630    89.082     0.48    5.40
-147233.141    89.218     0.47    4.97
-146943.666    89.163    -0.19    4.65
-146654.204    90.186     3.54    4.73
-146364.754    90.912     2.51    4.42
-146075.319    90.976     0.22    4.26
-145785.896    90.889    -0.30    4.29
-145496.487    91.006     0.41    3.97
-145207.090    90.802    -0.71    4.17
-144917.707    89.757    -3.61    4.64
-144628.338    89.143    -2.12    4.54
-144338.981    88.309    -2.88    4.51
-144049.638    87.567    -2.57    4.02
-143760.308    87.137    -1.49    3.23
-143470.991    86.771    -1.27    2.27
-143181.687    87.082     1.08    2.61
-142892.397    88.324     4.30    3.68
-142603.120    89.724     4.84    4.27
-142313.856    91.976     7.78    5.53
-142024.605    93.849     6.48    5.88
-141735.367    95.148     4.49    5.65
-141446.143    95.877     2.52    5.17
-141156.932    95.251    -2.16    5.42
-140867.734    94.385    -2.99    5.68
-140578.549    93.417    -3.35    5.20
-140289.377    92.567    -2.94    4.30
-140000.219    92.373    -0.67    3.83
-139711.073    92.552     0.62    3.47
-139421.941    93.097     1.89    3.51
-139132.822    94.251     3.99    4.05
-138843.717    95.802     5.37    4.28
-138554.624    97.597     6.21    3.81
-138265.545    98.066     1.62    3.81
-137976.478    98.755     2.38    3.50
-137687.425    99.021     0.92    3.54
-137398.385    99.220     0.69    4.22
-137109.359    98.966    -0.88    4.43
-136820.345    98.668    -1.03    4.60
-136531.344    98.355    -1.08    4.34
-136242.357    98.029    -1.13    4.45
-135953.383    97.512    -1.79    4.52
-135664.422    97.877     1.26    4.23
-135375.474    98.780     3.13    4.19
-135086.539    99.951     4.05    4.89
-134797.618   100.506     1.92    5.39
-134508.709   100.793     0.99    5.30
-134219.814   101.155     1.25    5.06
-133930.932   100.877    -0.96    4.85
-133642.063   101.415     1.86    5.12
-133353.207   101.707     1.01    5.36
-133064.364   102.190     1.67    5.18
-132775.534   103.264     3.72    5.47
-132486.718   104.841     5.46    6.20
-132197.914   106.612     6.13    6.10
-131909.124   108.961     8.13    6.11
-131620.347   110.444     5.14    6.17
-131331.582   111.877     4.96    5.94
-131042.831   112.678     2.78    5.51
-130754.094   113.509     2.88    5.71
-130465.369   114.182     2.33    5.28
-130176.657   114.555     1.29    5.22
-129887.958   114.787     0.80    5.32
-129599.273   114.996     0.72    5.22
-129310.600   114.921    -0.26    4.96
-129021.941   114.809    -0.39    4.82
-128733.295   115.324     1.78    4.30
-128444.661   115.552     0.79    4.29
-128156.041   115.864     1.08    4.51
-127867.434   116.536     2.33    4.64
-127578.840   116.824     1.00    4.64
-127290.259   117.597     2.68    4.32
-127001.692   116.779    -2.84    5.22
-126713.137   116.179    -2.08    5.93
-126424.595   114.787    -4.83    6.18
-126136.066   113.955    -2.88    6.17
-125847.551   113.840    -0.40    6.12
-125559.048   114.047     0.72    5.83
-125270.559   114.902     2.96    5.79
-124982.082   116.626     5.97    5.87
-124693.619   118.340     5.94    6.29
-124405.169   120.878     8.80    6.37
-124116.732   123.949    10.65    6.16
-123828.307   126.021     7.18    6.14
-123539.896   127.643     5.62    5.65
-123251.498   128.733     3.78    5.49
-122963.113   130.168     4.98    5.72
-122674.741   130.521     1.22    6.51
-122386.382   130.744     0.77    6.22
-122098.036   130.946     0.70    6.51
-121809.703   133.036     7.25    7.51
-121521.383   135.961    10.14    8.66
-121233.076   139.709    13.00   10.90
-120944.782   144.496    16.61   13.91
-120656.501   150.430    20.59   18.74
-120368.233   157.776    25.48   22.02
-120079.978   165.415    26.50   25.45
-119791.736   171.586    21.41   26.21
-119503.507   176.501    17.05   27.40
-119215.291   184.188    26.67   27.90
-118927.088   192.718    29.60   30.18
-118638.898   200.647    27.51   34.21
-118350.721   206.617    20.72   37.66
-118062.557   212.961    22.02   34.64
-117774.407   214.921     6.80   31.89
-117486.269   216.459     5.34   29.52
-117198.144   216.246    -0.74   26.75
-116910.032   215.643    -2.10   22.26
-116621.933   216.751     3.85   19.73
-116333.847   223.263    22.61   23.20
-116045.773   227.742    15.55   27.67
-115757.713   232.398    16.16   30.10
-115469.666   233.608     4.20   29.56
-115181.632   232.056    -5.39   27.53
-114893.611   233.848     6.22   26.06
-114605.603   231.017    -9.83   23.75
-114317.607   229.506    -5.25   17.64
-114029.625   236.991    25.99   23.22
-113741.656   247.736    37.32   27.44
-113453.699   261.817    48.90   34.87
-113165.756   274.021    42.39   38.15
-112877.825   288.274    49.51   35.24
-112589.908   292.900    16.07   31.92
-112302.003   298.606    19.82   27.46
-112014.111   300.647     7.09   26.73
-111726.233   299.678    -3.37   28.25
-111438.367   285.250   -50.13   40.16
-111150.514   260.771   -85.05   48.78
-110862.674   243.388   -60.40   50.12
-110574.847   236.491   -23.96   49.72
-110287.033   232.184   -14.97   48.19
-109999.232   230.688    -5.20   43.93
-109711.443   234.171    12.10   41.04
-109423.668   239.052    16.96   37.97
-109135.906   240.094     3.62   35.31
-108848.156   239.733    -1.25   37.48
-108560.419   239.760     0.09   37.59
-108272.696   246.518    23.49   41.41
-107984.985   249.885    11.70   41.48
-107697.287   249.839    -0.16   41.98
-107409.602   243.340   -22.59   46.40
-107121.930   236.261   -24.61   45.44
-106834.271   234.809    -5.05   47.41
-106546.624   230.260   -15.82   50.87
-106258.991   239.855    33.36   66.03
-105971.370   258.862    66.09   83.73
-105683.763   276.839    62.51   87.24
-105396.168   299.787    79.80   83.79
-105108.586   325.036    87.81   76.82
-104821.017   349.483    85.02   76.43
-104533.461   360.940    39.84   83.61
-104245.917   372.658    40.76   93.82
-103958.387   384.894    42.56  102.37
-103670.869   412.721    96.79  108.69
-103383.365   450.533   131.53  114.63
-103095.873   485.930   123.13  112.65
-102808.394   501.041    52.57  110.12
-102520.928   501.279     0.83  105.58
-102233.475   497.355   -13.65  100.75
-101946.034   486.521   -37.69  102.87
-101658.607   481.536   -17.34   96.42
-101371.192   477.218   -15.03   91.45
-101083.790   491.684    50.34   93.56
-100796.401   523.699   111.41  100.99
-100509.025   545.279    75.10  100.46
-100221.661   582.642   130.03   93.93
 -99934.311   593.263    36.96   98.75
 -99646.973   596.894    12.64  114.65
 -99359.648   578.794   -63.00  144.92
 -99072.336   553.186   -89.14  159.19
 -98785.037   529.021   -84.12  158.02
 -98497.751   509.389   -68.34  143.82
 -98210.477   491.036   -63.89  123.61
 -97923.216   482.586   -29.42   96.59
 -97635.969   492.779    35.49   91.96
 -97346.438   513.203    70.55  100.08
 -97056.416   551.848   133.26  111.92
 -96766.407   586.930   120.98  112.67
 -96476.411   625.631   133.46  100.81
 -96186.428   669.355   150.79  101.63
 -95896.458   712.718   149.56   99.94
 -95606.502   757.266   153.65  107.12
 -95316.558   795.809   132.94  100.48
 -95026.628   835.370   136.46   80.71
 -94736.711   847.943    43.37   66.34
 -94446.807   853.264    18.35   61.71
 -94156.915   845.506   -26.76   75.43
 -93867.037   812.854  -112.65   90.64
 -93577.172   774.127  -133.61  101.75
 -93287.320   727.134  -162.14   95.35
 -92997.481   696.885  -104.37   91.67
 -92707.656   657.582  -135.62   67.09
 -92417.843   624.733  -113.35   60.98
 -92128.043   596.127   -98.72   49.78
 -91838.257   574.011   -76.33   53.84
 -91548.483   554.036   -68.94   60.63
 -91258.722   529.078   -86.14   67.43
 -90968.975   512.531   -57.11   68.46
 -90679.240   497.294   -52.59   65.34
 -90389.519   480.158   -59.15   61.63
 -90099.811   463.192   -58.57   53.25
 -89810.115   445.481   -61.14   45.18
 -89520.433   430.277   -52.49   39.21
 -89230.764   417.991   -42.42   39.55
 -88941.108   406.373   -40.11   39.56
 -88651.464   405.097    -4.40   44.52
 -88361.834   403.400    -5.86   46.22
 -88072.217   401.712    -5.83   44.06
 -87782.613   407.032    18.37   47.53
 -87493.022   413.801    23.38   51.21
 -87203.444   415.689     6.52   52.11
 -86913.879   416.668     3.38   52.92
 -86624.326   423.277    22.83   59.60
 -86334.787   435.976    43.86   68.79
 -86045.261   443.340    25.44   75.61
 -85755.748   447.652    14.90   79.72
 -85466.248   462.233    50.37   95.54
 -85176.761   466.891    16.09  105.49
 -84887.287   482.036    52.32  122.05
 -84597.826   492.840    37.32  130.72
 -84308.378   506.868    48.47  140.83
 -84018.943   532.417    88.27  138.91
 -83729.521   558.278    89.36  147.73
 -83440.111   578.684    70.51  158.59
 -83150.715   602.621    82.72  178.71
 -82861.332   633.847   107.91  182.91
 -82571.962   661.036    93.97  176.95
 -82282.605   667.597    22.67  181.19
 -81993.260   668.478     3.05  180.82
 -81703.929   658.203   -35.52  176.90
 -81414.611   655.041   -10.93  150.96
 -81125.305   656.143     3.81  145.16
 -80836.013   671.996    54.80  140.53
 -80546.733   706.251   118.42  158.99
 -80257.467   751.430   156.20  169.63
 -79968.213   818.801   232.93  170.39
 -79678.973   861.809   148.70  149.22
 -79389.745   880.864    65.89  125.05
 -79100.530   874.158   -23.19  123.75
 -78811.329   870.370   -13.10  125.74
 -78522.140   849.506   -72.15  134.18
 -78232.964   832.961   -57.22  135.04
 -77943.801   837.143    14.46  155.07
 -77654.651   867.774   105.94  174.80
 -77365.514   908.232   139.93  179.15
 -77076.390   927.026    65.01  149.67
 -76787.278   938.545    39.85  137.13
 -76498.180   924.678   -47.97  128.96
 -76209.095   876.249  -167.54  129.66
 -75920.022   821.924  -187.94  129.65
 -75630.962   751.515  -243.60  124.77
 -75341.916   699.727  -179.18  108.77
 -75052.882   663.521  -125.27   85.25
 -74763.861   651.533   -41.48   77.87
 -74474.853   664.444    44.67   93.39
 -74185.858   687.127    78.50  112.90
 -73896.876   724.591   129.65  114.65
 -73607.907   762.201   130.16  118.56
 -73318.950   774.718    43.32  108.28
 -73030.007   776.718     6.92  105.63
 -72741.076   758.263   -63.88  101.65
 -72452.159   728.109  -104.37   94.45
 -72163.254   700.017   -97.24   87.04
 -71874.362   678.182   -75.59   77.26
 -71585.483   653.749   -84.58   67.60
 -71296.617   631.593   -76.70   64.59
 -71007.763   608.824   -78.83   66.39
 -70718.923   587.011   -75.52   68.54
 -70430.095   566.779   -70.05   61.33
 -70141.281   544.472   -77.24   55.78
 -69852.479   530.158   -49.57   54.78
 -69563.690   519.684   -36.27   53.69
 -69274.914   515.878   -13.18   56.84
 -68986.150   511.160   -16.34   58.92
 -68697.400   510.527    -2.19   55.07
 -68408.662   508.678    -6.41   52.21
 -68119.938   505.324   -11.62   42.73
 -67831.226   513.709    29.04   55.70
 -67542.527   540.461    92.67   83.17
 -67253.841   577.578   128.58  105.62
 -66965.167   603.870    91.08  102.39
 -66676.507   623.961    69.60  106.43
 -66387.859   642.357    63.73   99.86
 -66099.224   648.143    20.05   94.67
 -65810.602   656.921    30.42   81.08
 -65521.993   681.478    85.09  103.74
 -65233.397   725.772   153.49  144.23
 -64944.813   780.097   188.26  156.86
 -64656.243   841.130   211.51  142.19
 -64367.685   897.880   196.68  124.76
 -64079.140   941.855   152.41  128.87
 -63790.607   991.637   172.54  136.46
 -63502.088  1036.749   156.36  155.07
 -63213.581  1099.786   218.51  178.21
 -62925.088  1157.870   201.34  189.82
 -62636.606  1220.184   216.02  173.57
 -62348.138  1274.340   187.74  148.49
 -62059.683  1331.115   196.83  118.59
 -61771.240  1366.474   122.59  101.27
 -61482.810  1402.430   124.67   81.76
 -61194.393  1418.006    54.01   63.90
 -60905.989  1411.590   -22.25   69.49
 -60617.597  1380.308  -108.47  103.64
 -60329.219  1339.976  -139.87  126.36
 -60040.853  1290.341  -172.13  139.19
 -59752.500  1223.521  -231.74  137.48
 -59464.159  1169.612  -186.97  112.47
 -59175.832  1132.486  -128.77   85.58
 -58887.517  1101.021  -109.14   81.59
 -58599.215  1078.946   -76.58   95.68
 -58310.925  1058.970   -69.29  109.02
 -58022.649  1039.909   -66.12  128.60
 -57734.385  1000.217  -137.70  133.77
 -57446.134   971.961   -98.03  126.78
 -57157.896   936.582  -122.75  101.95
 -56869.670   934.152    -8.43   83.44
 -56581.458   948.491    49.75   91.78
 -56293.258   992.046   151.13  115.80
 -56005.070  1054.699   217.42  152.37
 -55716.896  1151.653   336.45  187.87
 -55428.734  1246.597   329.50  200.23
 -55140.585  1322.175   262.30  174.87
 -54852.449  1367.491   157.28  132.14
 -54564.325  1388.115    71.58  111.23
 -54276.214  1351.643  -126.60  134.34
 -53988.116  1290.658  -211.69  168.62
 -53700.031  1199.158  -317.63  188.29
 -53411.958  1112.703  -300.13  179.78
 -53123.898  1024.840  -305.03  153.57
 -52835.851   968.052  -197.16  133.63
 -52547.816   910.144  -201.05  111.91
 -52259.794   869.385  -141.52  121.23
 -51971.785   818.555  -176.49  126.71
 -51683.789   787.264  -108.66  130.94
 -51395.805   749.355  -131.64  127.77
 -51107.834   717.915  -109.18  134.42
 -50819.876   675.260  -148.14  137.44
 -50531.930   650.233   -86.92  140.68
 -50243.997   616.050  -118.72  139.85
 -49956.077   570.324  -158.82  119.27
 -49668.170   530.082  -139.78  105.85
 -49380.275   490.976  -135.84   91.90
 -49092.393   457.017  -117.97   94.46
 -48804.523   428.792   -98.05   96.29
 -48516.667   408.506   -70.47  104.68
 -48228.823   380.115   -98.64  106.49
 -47940.991   343.097  -128.61  111.65
 -47653.172   311.324  -110.40  104.39
 -47365.366   283.921   -95.22  100.01
 -47077.573   266.188   -61.62  103.42
 -46789.792   230.386  -124.41   91.75
 -46502.024   204.711   -89.22   89.76
 -46214.269   180.001   -85.88   93.12
 -45926.526   146.171  -117.58   88.69
 -45638.796   115.870  -105.31   76.22
 -45351.079    91.817   -83.60   57.71
 -45063.374    70.247   -74.97   36.32
 -44775.682    57.779   -43.34   23.46
 -44488.002    49.029   -30.42    9.61
 -44200.335    45.571   -12.02    5.11
 -43912.681    42.996    -8.95    4.72
 -43625.040    41.354    -5.71    4.32
 -43337.411    39.597    -6.11    4.60
 -43049.794    37.832    -6.14    4.38
 -42762.191    35.760    -7.21    4.15
 -42474.600    34.127    -5.68    3.65
 -42187.021    32.373    -6.10    3.67
 -41899.456    30.809    -5.44    3.55
 -41611.902    29.567    -4.32    3.23
 -41324.362    28.617    -3.30    2.73
 -41036.834    27.906    -2.47    2.31
 -40749.319    27.405    -1.74    1.78
 -40461.816    27.173    -0.81    1.52
 -40174.326    26.586    -2.04    2.27
 -39886.849    26.491    -0.33    2.62
 -39599.384    26.955     1.61    6.27
 -39311.931    28.733     6.19   11.41
 -39024.492    33.059    15.05   17.61
 -38737.065    44.718    40.57   29.91
 -38449.650    56.499    40.99   36.29
 -38162.248    75.663    66.68   47.52
 -37874.859    93.940    63.60   56.26
 -37587.483   115.491    75.00   65.19
 -37300.118   126.847    39.52   63.72
 -37012.767   143.499    57.95   66.17
 -36725.428   149.900    22.28   69.93
 -36438.102   159.980    35.08   74.48
 -36150.788   166.809    23.77   84.14
 -35863.487   173.130    22.00   87.34
 -35576.198   174.250     3.90   90.53
 -35287.850   176.339     7.25   92.54
 -34997.834   184.294    27.43   93.09
 -34707.831   181.816    -8.54   92.87
 -34417.841   169.786   -41.49   90.57
 -34127.864   161.463   -28.70   82.67
 -33837.899   165.249    13.06   85.57
 -33547.948   166.309     3.66   84.91
 -33258.009   162.771   -12.20   79.17
 -32968.083   147.340   -53.22   78.72
 -32678.170   137.292   -34.66   76.46
 -32388.269   117.478   -68.35   74.07
 -32098.382    96.354   -72.87   67.33
 -31808.507    70.718   -88.44   48.10
 -31518.645    53.175   -60.52   31.72
 -31228.796    39.324   -47.79   14.07
 -30938.960    34.636   -16.18    8.99
 -30649.137    32.447    -7.55    4.14
 -30359.326    32.012    -1.50    3.66
 -30069.528    33.127     3.85    4.75
 -29779.743    33.991     2.98    4.87
 -29489.971    34.902     3.15    5.37
 -29200.212    36.678     6.13    6.51
 -28910.465    39.679    10.36   10.17
 -28620.731    46.017    21.87   18.99
 -28331.010    60.205    48.97   35.43
 -28041.302    79.355    66.10   55.42
 -27751.607   107.175    96.04   73.23
 -27461.924   135.032    96.17   75.88
 -27172.254   162.521    94.90   73.50
 -26882.597   178.186    54.08   71.79
 -26592.953   187.709    32.88   70.45
 -26303.321   183.278   -15.30   77.21
 -26013.702   177.476   -20.03   81.58
 -25724.096   158.263   -66.34   77.89
 -25434.503   141.109   -59.24   67.48
 -25144.922   126.451   -50.62   45.25
 -24855.355   126.870     1.45   38.22
 -24565.800   125.563    -4.51   33.86
 -24276.258   128.130     8.87   32.08
 -23986.728   132.503    15.10   31.20
 -23697.211   142.536    34.65   33.89
 -23407.707   147.291    16.42   36.78
 -23118.216   148.673     4.77   46.00
 -22828.738   151.078     8.31   53.12
 -22539.272   146.112   -17.16   62.43
 -22249.819   142.900   -11.10   69.48
 -21960.379   127.001   -54.93   73.70
 -21670.951   112.840   -48.93   71.90
 -21381.536    93.578   -66.55   58.53
 -21092.134    82.279   -39.04   50.57
 -20802.745    67.518   -51.01   32.92
 -20513.368    62.633   -16.88   29.41
 -20224.004    54.832   -26.96   16.04
 -19934.653    53.186    -5.69   15.82
 -19645.315    50.708    -8.57   10.72
 -19355.989    54.127    11.82   14.87
 -19066.676    60.218    21.05   21.58
 -18777.376    72.235    41.54   34.05
 -18488.088    85.703    46.56   42.24
 -18198.813   101.324    54.00   50.93
 -17909.551   112.912    40.06   50.05
 -17620.301   126.718    47.73   54.04
 -17331.064   136.940    35.34   51.03
 -17041.840   140.355    11.81   42.26
 -16752.629   138.279    -7.18   40.87
 -16463.430   130.847   -25.70   40.14
 -16174.244   129.894    -3.30   38.10
 -15885.071   133.291    11.75   41.42
 -15595.910   139.894    22.83   52.79
 -15306.762   158.463    64.22   61.36
 -15017.627   174.415    55.17   62.51
 -14728.504   188.658    49.26   58.89
 -14439.394   202.078    46.42   53.94
 -14150.296   211.905    33.99   53.42
 -13861.212   216.870    17.17   52.63
 -13572.140   219.857    10.33   48.20
 -13283.080   217.559    -7.95   42.76
 -12994.034   222.688    17.75   48.41
 -12705.000   226.894    14.55   47.96
 -12415.978   219.190   -26.65   53.12
 -12126.970   209.937   -32.02   58.96
 -11837.974   184.961   -86.43   66.34
 -11548.990   157.478   -95.10   77.48
 -11260.019   127.006  -105.45   78.85
 -10971.061    93.401  -116.30   67.42
 -10682.116    66.718   -92.35   51.81
 -10393.183    48.631   -62.60   35.07
 -10104.263    50.036     4.87   41.12
  -9815.355    51.921     6.52   46.05
  -9526.460    60.186    28.61   50.22
  -9237.578    66.678    22.47   50.41
  -8948.708    70.491    13.20   47.23
  -8659.851    71.371     3.04   43.69
  -8371.006    70.421    -3.29   42.94
  -8082.175    68.506    -6.63   40.23
  -7793.355    68.991     1.68   38.67
  -7504.549    66.930    -7.13   33.75
  -7215.755    65.432    -5.19   29.85
  -6926.973    68.658    11.17   30.93
  -6638.205    75.371    23.25   33.77
  -6349.448    90.082    50.95   44.57
  -6060.705    96.115    20.89   38.66
  -5771.974   103.755    26.46   44.98
  -5483.255   110.082    21.91   48.24
  -5194.549   112.817     9.47   50.26
  -4905.856   117.059    14.69   52.17
  -4617.176   111.483   -19.31   58.28
  -4328.508   106.461   -17.40   60.98
  -4039.852    96.357   -35.00   61.04
  -3751.209    80.981   -53.27   52.81
  -3462.579    67.900   -45.32   44.39
  -3173.961    58.855   -31.34   37.06
  -2885.356    48.447   -36.06   28.52
  -2596.763    41.446   -24.26   23.41
  -2308.183    34.124   -25.37   10.84
  -2019.616    30.694   -11.89    8.69
  -1731.061    27.683   -10.43    8.25
  -1442.519    24.118   -12.35    7.93
  -1153.989    20.627   -12.10    9.10
   -865.472    15.824   -16.65   10.76
   -576.967    11.594   -14.66   11.49
   -288.475     6.848   -16.45   10.71
      0.004     4.586    -7.84    9.33
    288.471     2.401    -7.57    6.98
    576.926     2.593     0.66    6.53
    865.368     5.158     8.89    7.01
   1153.797     8.121    10.27    6.05
   1442.214    10.558     8.45    4.62
   1730.618    11.946     4.81    4.29
   2019.010    12.996     3.64    4.58
   2307.389    13.444     1.55    4.92
   2595.756    12.991    -1.57    5.32
   2884.110    12.571    -1.46    5.97
   3172.452    12.179    -1.36    6.29
   3460.781    11.355    -2.86    6.13
   3749.098    10.991    -1.26    6.26
   4037.402    11.432     1.53    6.03
   4325.693    12.158     2.52    5.77
   4613.972    12.955     2.77    5.61
   4902.239    13.608     2.26    5.35
   5190.493    13.857     0.86    5.55
   5478.735    14.158     1.04    5.26
   5766.964    15.027     3.02    4.74
   6055.180    14.627    -1.39    4.65
   6343.384    15.078     1.56    4.17
   6631.576    14.915    -0.57    4.17
   6919.755    14.896    -0.07    4.02
   7207.922    14.915     0.07    4.12
   7496.076    14.744    -0.60    4.00
   7784.217    13.742    -3.48    4.41
   8072.346    13.417    -1.13    4.32
   8360.463    12.001    -4.91    4.54
   8648.567    11.432    -1.98    5.25
   8936.659    12.744     4.55    7.01
   9224.738    15.733    10.38    8.34
   9512.805    18.405     9.27    8.68
   9800.859    21.586    11.04    8.11
  10088.901    23.249     5.77    7.16
  10376.931    25.220     6.84    5.18
  10664.947    27.124     6.61    8.02
  10952.952    28.494     4.75   10.41
  11240.944    29.041     1.90   10.86
  11528.923    28.637    -1.40   10.55
  11816.891    28.026    -2.12   10.34
  12104.845    27.249    -2.70   10.23
  12392.787    25.571    -5.83    7.99
  12680.717    23.694    -6.52    4.62
  12968.634    22.801    -3.10    4.73
  13256.539    22.007    -2.76    4.57
  13544.432    21.233    -2.69    4.55
  13832.312    21.555     1.12    4.09
  14120.179    21.957     1.40    3.35
  14408.035    21.623    -1.16    3.31
  14695.877    21.140    -1.68    2.80
  14983.708    20.558    -2.02    2.88
  15271.525    20.446    -0.39    3.04
  15559.331    20.047    -1.38    2.93
  15847.124    20.052     0.01    2.78
  16134.905    19.801    -0.87    2.68
  16422.673    20.215     1.44    2.87
  16710.429    20.744     1.84    2.82
  16998.172    21.627     3.07    3.67
  17285.903    23.594     6.84    5.37
  17573.622    25.401     6.28    5.95
  17861.328    27.524     7.38    7.06
  18149.022    29.627     7.31    7.03
  18436.703    30.215     2.04    6.72
  18724.372    30.357     0.49    6.81
  19012.029    30.097    -0.90    6.61
  19299.673    29.776    -1.12    5.93
  19587.305    29.779     0.01    5.66
  19874.924    30.017     0.83    5.85
  20162.531    30.369     1.23    5.82
  20450.126    31.006     2.22    6.34
  20737.708    31.171     0.57    6.56
  21025.278    30.647    -1.82    6.86
  21312.836    30.571    -0.27    6.97
  21600.381    29.294    -4.44    5.85
  21887.914    27.847    -5.03    5.73
  22175.434    26.294    -5.40    5.64
  22462.942    23.996    -7.99    5.13
  22750.438    23.171    -2.87    5.02
  23037.921    22.405    -2.66    5.29
  23325.392    21.786    -2.15    4.22
  23612.851    21.936     0.52    4.66
  23900.298    22.578     2.23    4.69
  24187.731    23.608     3.58    5.01
  24475.153    24.218     2.12    5.18
  24762.562    24.924     2.46    4.83
  25049.959    25.415     1.71    5.12
  25337.344    25.578     0.57    4.92
  25624.716    26.402     2.87    4.86
  25912.076    27.143     2.58    4.66
  26199.424    27.996     2.97    4.43
  26486.759    28.531     1.86    4.33
  26774.082    28.594     0.22    4.39
  27063.995    28.559    -0.12    3.96
  27353.979    28.515    -0.15    4.04
  27643.951    29.309     2.74    4.72
  27933.911    29.870     1.93    4.77
  28223.858    30.601     2.52    5.27
  28513.792    30.582    -0.07    5.51
  28803.713    30.506    -0.26    5.61
  29093.623    31.229     2.49    6.03
  29383.519    32.597     4.72    6.63
  29673.403    33.463     2.99    7.31
  29963.275    34.478     3.50    7.43
  30253.133    35.404     3.19    7.95
  30542.980    35.567     0.56    7.80
  30832.813    36.905     4.62    9.12
  31122.635    38.909     6.91   13.37
  31412.443    41.063     7.43   14.74
  31702.239    41.832     2.65   14.71
  31992.023    43.417     5.47   15.25
  32281.794    42.002    -4.88   11.84
  32571.552    42.809     2.79   11.21
  32861.298    45.737    10.10   12.22
  33151.031    50.971    18.06   16.01
  33440.752    57.647    23.05   25.13
  33730.460    67.355    33.51   29.80
  34020.156    77.063    33.51   33.16
  34309.839    94.309    59.53   38.59
  34599.510   109.470    52.34   39.78
  34889.168   119.263    33.81   40.61
  35178.814   118.718    -1.88   40.55
  35468.447   111.996   -23.21   44.90
  35758.067   102.418   -33.07   47.72
  36047.676    82.746   -67.92   42.05
  36337.271    67.245   -53.53   30.42
  36626.854    54.086   -45.44   18.92
  36916.425    49.840   -14.66   14.32
  37205.983    49.961     0.42   16.30
  37495.528    53.293    11.51   20.29
  37785.061    60.324    24.28   24.56
  38074.582    64.597    14.76   26.67
  38364.090    71.663    24.41   27.31
  38653.585    75.415    12.96   26.72
  38943.068    75.140    -0.95   27.01
  39232.539    74.340    -2.76   28.70
  39521.997    67.856   -22.40   29.17
  39811.442    57.415   -36.07   27.99
  40100.876    47.582   -33.97   23.20
  40390.296    38.533   -31.27   14.25
  40679.704    33.217   -18.37    9.30
  40969.100    31.032    -7.55    7.51
  41258.483    29.694    -4.63    6.56
  41547.854    29.437    -0.89    4.90
  41837.212    29.006    -1.49    4.47
  42126.558    29.228     0.77    4.48
  42415.891    29.668     1.52    4.09
  42705.212    30.047     1.31    4.36
  42994.520    29.915    -0.46    4.59
  43283.816    29.309    -2.10    4.73
  43573.100    27.771    -5.32    5.11
  43862.371    27.258    -1.77    5.64
  44151.630    25.082    -7.52    6.45
  44440.876    24.086    -3.44    7.14
  44730.109    23.847    -0.83    7.65
  45019.331    25.112     4.38   10.64
  45308.539    25.955     2.91   12.68
  45597.736    26.679     2.50   13.27
  45886.920    26.559    -0.42   12.97
  46176.091    25.705    -2.95   13.45
  46465.250    24.155    -5.36   13.66
  46754.397    22.168    -6.87   14.04
  47043.531    18.213   -13.68    9.59
  47332.653    15.279   -10.15    6.50
  47621.763    14.550    -2.52    6.32
  47910.860    16.694     7.41   10.05
  48199.944    19.563     9.93   17.25
  48489.016    22.673    10.76   23.22
  48778.076    23.668     3.44   22.82
  49067.123    24.887     4.22   22.20
  49356.158    22.041    -9.85   16.58
  49645.181    20.746    -4.48   11.23
  49934.191    20.127    -2.14    7.95
  50223.189    22.764     9.12   10.36
  50512.174    28.571    20.09   20.15
  50801.147    38.340    33.81   32.04
  51090.107    45.435    24.56   35.39
  51379.056    51.467    20.87   35.96
  51667.991    52.356     3.07   35.42
  51956.915    53.555     4.15   36.41
  52245.826    49.718   -13.28   35.31
  52534.724    44.097   -19.46   32.26
  52823.611    34.027   -34.86   23.43
  53112.485    26.958   -24.47   13.86
  53401.346    24.740    -7.68   12.19
  53690.195    22.847    -6.55    6.66
  53979.032    22.265    -2.02    4.34
  54267.856    21.415    -2.94    4.44
  54556.669    20.386    -3.56    3.57
  54845.468    20.324    -0.21    3.86
  55134.256    20.673     1.21    3.89
  55423.031    20.626    -0.16    3.71
  55711.793    21.481     2.96    4.01
  56000.543    22.555     3.72    4.40
  56289.281    25.355     9.70   10.15
  56578.007    26.824     5.09   11.65
  56866.720    26.674    -0.52   10.26
  57155.421    26.324    -1.21    8.03
  57444.110    27.586     4.37    8.94
  57732.786    31.940    15.08   17.56
  58021.450    44.930    45.00   39.16
  58310.101    61.688    58.05   56.98
  58598.741    84.615    79.43   73.26
  58887.367   104.106    67.53   81.22
  59175.982   117.050    44.85   81.79
  59464.584   136.718    68.15   85.71
  59753.174   142.417    19.74   83.62
  60041.752   136.494   -20.52   75.10
  60330.317   135.689    -2.79   63.87
  60618.870   142.878    24.91   57.89
  60907.411   152.388    32.96   58.56
  61195.939   170.715    63.52   66.42
  61484.455   193.673    79.57   68.28
  61772.959   222.171    98.77   76.86
  62061.451   243.277    73.16   74.90
  62349.930   263.824    71.22   82.99
  62638.397   263.021    -2.78  102.53
  62926.851   252.647   -35.96  109.44
  63215.294   245.217   -25.76  103.98
  63503.724   245.355     0.48   87.94
  63792.141   250.295    17.13   80.37
  64080.547   275.894    88.76  100.83
  64368.940   322.586   161.90  127.46
  64657.321   373.091   175.13  132.70
  64945.690   430.856   200.31  129.18
  65234.046   485.415   189.20  125.13
  65522.390   535.491   173.66  115.67
  65810.722   563.724    97.91  109.78
  66099.041   596.324   113.06   98.04
  66387.349   616.261    69.15   79.08
  66675.644   641.642    88.03   55.27
  66963.926   651.918    35.64   47.89
  67252.197   660.909    31.19   38.54
  67540.455   658.021   -10.02   39.55
  67828.701   658.415     1.37   39.90
  68116.935   654.981   -11.92   44.47
  68405.156   647.491   -25.98   45.51
  68693.365   643.617   -13.44   48.33
  68981.562   633.355   -35.61   48.63
  69269.747   627.235   -21.23   53.29
  69557.920   622.643   -15.94   55.85
  69846.080   621.582    -3.68   62.10
  70134.228   617.034   -15.78   69.63
  70422.364   618.733     5.90   77.63
  70710.487   619.437     2.44   80.35
  70998.599   633.121    47.49   89.60
  71286.698   647.415    49.61  101.08
  71574.785   671.955    85.18  104.48
  71862.860   679.531    26.30  105.30
  72150.922   704.737    87.50  106.21
  72438.972   721.847    59.40  101.03
  72727.010   734.372    43.48   86.89
  73015.036   738.215    13.34   77.76
  73303.050   758.632    70.89   77.95
  73591.051   782.934    84.38   77.72
  73879.040   800.229    60.05   65.39
  74167.018   794.786   -18.90   73.03
  74454.982   784.091   -37.14   79.70
  74742.935   750.779  -115.68  102.40
  75030.875   712.533  -132.82  122.13
  75318.804   667.280  -157.16  132.86
  75606.720   626.265  -142.45  116.68
  75894.624   594.887  -108.98  114.82
  76182.515   593.373    -5.26  128.69
  76470.395   597.001    12.60  138.38
  76758.262   600.746    13.01  132.63
  77046.117   590.447   -35.78  123.43
  77333.960   577.847   -43.77  115.38
  77621.791   533.996  -152.34  132.05
  77909.610   480.027  -187.50  136.35
  78197.416   420.848  -205.61  127.33
  78485.210   374.694  -160.36  121.18
  78772.993   326.779  -166.49  104.13
  79060.763   280.951  -159.24   95.36
  79348.520   252.817   -97.77   81.82
  79636.266   242.278   -36.62   71.69
  79924.000   225.958   -56.72   65.54
  80211.721   225.934    -0.08   69.45
  80499.430   228.449     8.74   70.72
  80787.127   236.971    29.62   75.34
  81074.812   256.632    68.34   82.99
  81362.485   287.371   106.85   97.79
  81650.146   322.975   123.76  112.48
  81937.794   379.915   197.94  122.61
  82225.430   438.357   203.17  117.34
  82513.055   508.632   244.32  112.89
  82800.667   572.232   221.12  122.87
  83088.267   646.059   256.68  126.74
  83375.855   698.809   183.41  121.01
  83663.430   760.518   214.57  119.97
  83950.994   796.112   123.77  112.99
  84238.545   814.566    64.17  115.21
  84526.085   812.247    -8.06  125.57
  84813.612   801.036   -38.99  122.30
  85101.127   789.339   -40.68  110.78
  85388.630   785.220   -14.33   95.78
  85676.121   777.840   -25.67   75.92
  85963.600   794.841    59.14   84.85
  86251.067   833.152   133.26   94.69
  86538.521   884.249   177.74  104.76
  86825.964   933.370   170.88  100.51
  87113.394   980.703   164.67   92.69
  87400.813  1022.902   146.81   77.29
  87688.219  1060.841   131.99   65.07
  87975.613  1095.109   119.23   62.41
  88262.995  1119.131    83.58   53.13
  88550.365  1141.420    77.56   41.36
  88837.723  1150.986    33.29   39.38
  89126.518  1158.940    27.54   41.30
  89416.500  1168.250    32.10   42.72
  89706.468  1177.728    32.68   48.53
  89996.425  1194.173    56.71   54.30
  90286.369  1210.184    55.22   59.79
  90576.301  1233.446    80.23   67.86
  90866.220  1260.955    94.88   72.51
  91156.128  1293.506   112.27   75.97
  91446.022  1326.891   115.15   82.31
  91735.905  1365.909   134.59   87.20
  92025.775  1403.547   129.83   79.30
  92315.633  1436.387   113.29   69.87
  92605.479  1457.478    72.76   60.73
  92895.312  1481.184    81.78   45.03
  93185.133  1501.373    69.66   43.99
  93474.942  1514.355    44.79   63.85
  93764.738  1518.244    13.42   71.85
  94054.522  1517.652    -2.04   92.72
  94344.294  1494.309   -80.55  102.48
  94634.054  1477.309   -58.67  102.78
  94923.801  1457.417   -68.65   89.10
  95213.536  1449.244   -28.21   68.82
  95503.259  1457.946    30.03   70.47
  95792.969  1484.668    92.23   76.80
  96082.667  1518.673   117.37   79.16
  96372.353  1550.386   109.47   69.34
  96662.027  1583.052   112.76   53.00
  96951.688  1611.041    96.62   45.78
  97241.337  1634.590    81.30   55.81
  97530.974  1667.547   113.78   74.18
  97820.598  1705.463   130.91   91.79
  98110.210  1754.001   167.59  109.70
  98399.810  1800.949   162.10   95.87
  98689.398  1829.801    99.62   74.01
  98978.973  1842.643    44.34   61.60
  99268.537  1842.195    -1.54   62.72
  99558.088  1823.971   -62.94   75.34
  99847.626  1794.863  -100.52   77.99
 100137.153  1759.463  -122.26   65.86
 100426.667  1726.294  -114.56   62.17
 100716.169  1700.470   -89.20   55.32
 101005.659  1681.476   -65.61   51.35
 101295.136  1662.515   -65.50   49.82
 101584.601  1652.047   -36.16   40.17
 101874.054  1655.155    10.74   39.93
 102163.495  1668.124    44.80   48.07
 102452.924  1689.066    72.35   51.45
 102742.340  1709.199    69.56   58.69
 103031.744  1724.439    52.66   61.90
 103321.136  1747.703    80.38   65.81
 103610.516  1766.094    63.55   67.33
 103899.883  1783.663    60.71   69.38
 104189.238  1801.959    63.23   65.51
 104478.582  1824.794    78.91   60.38
 104767.912  1853.260    98.38   63.98
 105057.231  1873.924    71.42   60.06
 105346.537  1882.463    29.51   56.85
 105635.832  1862.340   -69.55   85.62
 105925.114  1826.152  -125.08  121.49
 106214.383  1763.534  -216.45  159.99
 106503.641  1686.612  -265.91  176.03
 106792.887  1606.437  -277.17  171.76
 107082.120  1524.074  -284.74  158.89
 107371.341  1444.694  -274.44  136.01
 107660.550  1378.184  -229.95  122.25
 107949.746  1318.721  -205.60  112.06
 108238.931  1271.571  -163.03   86.72
 108528.103  1246.074   -88.16   75.70
 108817.264  1242.143   -13.60   82.84
 109106.411  1251.265    31.55   96.99
 109395.547  1258.354    24.52  108.13
 109684.671  1277.158    65.03  115.20
 109973.782  1297.074    68.88  103.22
 110262.882  1303.224    21.27   88.11
 110551.969  1291.371   -41.00   80.24
 110841.044  1283.855   -26.00   63.31
 111130.107  1272.809   -38.21   51.87
 111419.158  1268.524   -14.82   45.13
 111708.196  1262.086   -22.27   45.19
 111997.222  1257.293   -16.58   50.72
 112286.237  1264.499    24.93   65.24
 112575.239  1276.201    40.49   77.24
 112864.229  1297.647    74.20   84.75
 113153.207  1308.652    38.08   83.40
 113442.172  1319.801    38.58   78.22
 113731.126  1308.012   -40.80   82.71
 114020.067  1283.558   -84.63   99.67
 114308.997  1233.887  -171.90  122.19
 114597.914  1169.563  -222.62  137.90
 114886.819  1120.870  -168.53  118.89
 115175.712  1092.399   -98.54   91.09
 115464.592  1074.012   -63.64   72.08
 115753.461  1088.124    48.85   83.35
 116042.318  1116.924    99.70   96.32
 116331.162  1139.371    77.70   91.04
 116619.994  1147.449    27.97   83.66
 116908.815  1140.961   -22.46   90.23
 117197.623  1126.610   -49.69   97.67
 117486.419  1114.841   -40.75   94.67
 117775.203  1116.496     5.73  105.51
 118063.975  1126.292    33.92  104.28
 118352.734  1136.574    35.61   96.25
 118641.482  1153.658    59.16   80.53
 118930.217  1148.817   -16.76   70.01
 119218.941  1121.461   -94.74   88.18
 119507.652  1082.647  -134.43  104.65
 119796.351  1038.946  -151.36  102.80
 120085.039  1000.012  -134.85   98.35
 120373.714   959.188  -141.41   83.93
 120662.377   915.186  -152.42   68.12
 120951.028   886.370   -99.82   59.82
 121239.667   873.858   -43.34   54.37
 121528.293   878.824    17.21   60.44
 121816.908   891.566    44.14   70.59
 122105.511   906.294    51.03   76.99
 122394.101   931.001    85.61   78.99
 122682.680   971.232   139.40   68.92
 122971.246  1007.023   124.02   56.84
 123259.801  1034.371    94.77   57.19
 123548.343  1061.308    93.35   65.79
 123836.873  1099.494   132.33   75.29
 124125.392  1144.217   155.00   94.34
 124413.898  1199.402   191.26  102.54
 124702.392  1238.371   135.06  100.50
 124990.874  1286.582   167.11  102.89
 125279.344  1327.400   141.48  110.02
 125567.802  1361.582   118.49  116.31
 125856.248  1394.449   113.93  127.71
 126144.682  1426.188   110.03  126.54
 126433.104  1439.032    44.53  118.08
 126721.514  1455.887    58.44  104.05
 127009.912  1456.755     3.01   95.22
 127298.298  1449.424   -25.42   84.43
 127586.672  1425.418   -83.24   90.67
 127875.033  1391.951  -116.05   95.83
 128163.383  1348.173  -151.81  103.13
 128451.721  1305.414  -148.28  101.60
 128740.047  1264.401  -142.23   87.52
 129028.360  1233.046  -108.75   77.21
 129316.662  1204.509   -98.97   67.34
 129604.952  1176.934   -95.64   67.39
 129893.230  1148.762   -97.72   64.99
 130181.495  1127.417   -74.04   66.23
 130469.749  1108.074   -67.10   70.81
 130757.991  1081.889   -90.84   71.16
 131046.221  1054.658   -94.47   74.95
 131334.438  1031.981   -78.67   76.83
 131622.644  1009.617   -77.59   79.38
 131910.838   986.279   -80.97   74.08
 132199.020   972.663   -47.24   72.02
 132487.189   956.673   -55.48   67.89
 132775.347   943.341   -46.26   68.40
 133063.493   940.124   -11.16   70.73
 133351.627   933.824   -21.86   68.84
 133639.749   922.415   -39.59   67.62
 133927.859   908.878   -46.98   67.80
 134215.957   890.976   -62.13   69.72
 134504.043   870.578   -70.80   74.02
 134792.117   838.463  -111.47   77.15
 135080.179   806.889  -109.60   68.75
 135368.229   777.309  -102.68   60.67
 135656.267   753.233   -83.58   53.89
 135944.293   731.402   -75.79   43.28
 136232.307   714.652   -58.15   31.83
 136520.310   701.309   -46.33   23.07
 136808.300   694.039   -25.24   24.68
 137096.278   685.131   -30.93   24.75
 137384.245   674.689   -36.26   24.90
 137672.199   662.902   -40.93   22.91
 137960.142   654.121   -30.49   20.26
 138248.072   644.658   -32.86   13.59
 138535.991   638.724   -20.61    9.35
 138823.898   634.405   -15.00    6.01
 139111.793   632.586    -6.32    4.25
 139399.675   631.190    -4.85    2.92
 139687.546   630.658    -1.85    2.34
 139975.405   630.309    -1.21    2.42
 140263.253   630.308    -0.00    2.69
 140551.088   629.774    -1.86    2.76
 140838.911   629.309    -1.62    2.37
 141126.722   628.894    -1.44    2.25
 141414.522   628.582    -1.08    2.30
 141702.309   628.567    -0.05    2.35
 141990.085   628.340    -0.79    2.43
 142277.849   627.921    -1.45    1.90
 142565.601   627.749    -0.60    1.61
 142853.341   627.937     0.66    1.69
 143141.069   628.023     0.30    1.95
 143428.785   629.447     4.95    4.31
 143716.489   635.032    19.41   14.53
 144004.181   644.309    32.24   24.96
 144291.862   658.753    50.20   33.64
 144579.530   674.435    54.51   41.41
 144867.187   693.689    66.93   41.05
 145154.832   718.007    84.53   47.14
 145442.465   749.601   109.83   59.39
 145730.086   784.996   123.05   81.72
 146017.695   844.118   205.54  117.12
 146305.292   913.186   240.13  152.30
 146592.878   991.074   270.81  172.25
 146880.451  1075.678   294.17  172.09
 147168.013  1148.384   252.81  155.24
 147455.563  1219.991   249.00  130.53
 147743.101  1277.548   200.15  111.05
 148030.627  1335.699   202.22   96.43
 148318.141  1384.291   168.99   92.91
 148605.644  1429.909   158.65   95.92
 148893.134  1481.786   180.43   98.40
 149180.613  1511.694   104.02   89.78
 149468.080  1531.158    67.70   87.08
 149755.535  1532.547     4.83   79.22
 150042.978  1521.970   -36.79   88.85
 150330.409  1476.996  -156.45  100.80
 150617.829  1435.195  -145.42  106.66
 150905.236  1382.621  -182.91   90.28
 151192.988  1350.746  -110.76   80.32
 151482.954  1318.278  -111.96   69.96
 151772.908  1310.417   -27.11   63.91
 152062.850  1304.115   -21.73   57.40
 152352.780  1306.340     7.67   55.79
 152642.697  1301.197   -17.74   46.00
 152932.603  1291.955   -31.88   49.38
 153222.496  1275.900   -55.38   59.74
 153512.378  1254.801   -72.78   70.59
 153802.247  1225.619  -100.66   72.62
 154092.105  1196.637   -99.98   67.24
 154381.950  1179.527   -59.02   68.55
 154671.783  1168.082   -39.49   73.50
 154961.605  1161.217   -23.69   71.58
 155251.414  1147.571   -47.08   78.94
 155541.211  1133.824   -47.43   75.67
 155830.996  1142.097    28.54   76.51
 156120.769  1160.970    65.12   88.81
 156410.530  1193.215   111.27  114.23
 156700.279  1236.143   148.14  135.21
 156990.016  1286.699   174.47  131.17
 157279.741  1337.626   175.76   92.88
 157569.454  1352.689    51.99   69.44
 157859.155  1342.705   -34.46   85.51
 158148.844  1306.668  -124.39  103.08
 158438.521  1269.965  -126.69  110.19
 158728.185  1221.771  -166.36  115.58
 159017.838  1187.896  -116.94  116.23
 159307.479  1152.470  -122.30  124.26
 159597.108  1138.294   -48.94  132.69
 159886.724  1103.150  -121.33  120.42
 160176.329  1069.715  -115.44  118.44
 160465.922  1026.971  -147.59   97.77
 160755.503   997.078  -103.21   75.47
 161045.071   980.099   -58.63   61.93
 161334.628   974.856   -18.10   63.96
 161624.173   972.674    -7.53   72.05
 161913.706   971.779    -3.09   81.56
 162203.226   973.278     5.18   85.39
 162492.735   974.386     3.83   89.07
 162782.232   973.918    -1.62   84.25
 163071.717   981.940    27.71   80.86
 163361.190   993.131    38.66   75.65
 163650.650  1013.140    69.12   68.87
 163940.099  1028.847    54.26   52.71
 164229.536  1034.840    20.70   47.98
 164518.961  1045.949    38.38   49.16
 164808.374  1047.705     6.07   47.73
 165097.775  1050.928    11.13   49.02
 165387.164  1041.197   -33.62   58.08
 165676.541  1027.152   -48.53   70.46
 165965.906   996.027  -107.55   80.60
 166255.259   963.753  -111.53   79.98
 166544.600   933.832  -103.40   75.12
 166833.930   910.900   -79.25   64.98
 167123.247   887.889   -79.53   45.18
 167412.552   881.356   -22.58   33.75
 167701.846   881.885     1.83   32.32
 167991.127   889.247    25.45   34.63
 168280.396   905.621    56.60   41.51
 168569.654   926.063    70.66   48.87
 168858.900   952.491    91.36   54.97
 169148.133   987.036   119.42   69.91
 169437.355  1018.295   108.06   89.60
 169726.565  1056.355   131.58  108.31
 170015.763  1092.459   124.83  116.81
 170304.949  1132.215   137.46  107.53
 170594.123  1150.158    62.04   93.46
 170883.285  1153.184    10.46   90.97
 171172.435  1141.627   -39.96   90.59
 171461.573  1127.294   -49.57   85.44
 171750.700  1119.771   -26.02   74.04
 172039.814  1125.402    19.48   75.01
 172328.917  1145.943    71.04   85.18
 172618.007  1186.277   139.50   98.33
 172907.086  1215.121    99.77   97.16
 173196.153  1247.418   111.71   95.72
 173485.208  1269.012    74.70   85.84
 173774.251  1303.809   120.37   91.57
 174063.282  1330.559    92.54   96.36
 174352.301  1356.210    88.74  100.75
 174641.308  1365.809    33.21   95.65
 174930.304  1372.567    23.38   83.54
 175219.287  1374.678     7.31   77.78
 175508.259  1393.698    65.81   73.05
 175797.219  1399.777    21.04   76.74
 176086.167  1408.841    31.36   75.12
 176375.103  1413.663    16.69   76.02
 176664.027  1428.217    50.37   64.05
 176952.939  1435.809    26.28   55.38
 177241.840  1435.446    -1.26   54.70
 177530.728  1418.801   -57.61   70.93
 177819.605  1399.124   -68.11   72.74
 178108.470  1367.447  -109.65   87.75
 178397.323  1349.515   -62.07   90.65
 178686.164  1317.090  -112.24   93.73
 178974.993  1297.140   -69.06   86.68
 179263.811  1269.182   -96.79   87.30
 179552.616  1241.499   -95.84   93.87
 179841.410  1193.955  -164.61  111.35
 180130.192  1144.760  -170.33  111.95
 180418.962  1087.152  -199.47  101.40
 180707.720  1052.043  -121.57   85.50
 180996.466  1027.434   -85.22   63.03
 181285.201  1024.559    -9.96   59.45
 181573.923  1052.841    97.94   90.69
 181862.634  1090.124   129.12  113.89
 182151.333  1143.785   185.85  122.43
 182440.020  1200.277   195.66  121.49
 182728.695  1262.355   215.02   94.09
 183017.359  1303.371   142.07   62.10
 183306.011  1319.928    57.35   49.73
 183594.650  1318.063    -6.46   52.63
 183883.278  1311.275   -23.51   58.29
 184171.895  1293.832   -60.43   60.19
 184460.499  1267.955   -89.65   51.70
 184749.092  1253.340   -50.64   37.06
 185037.672  1245.278   -27.93   28.92
 185326.241  1239.371   -20.47   28.33
 185614.799  1233.808   -19.28   30.21
 185903.344  1227.447   -22.04   32.13
 186191.877  1222.429   -17.39   30.42
 186480.399  1215.355   -24.51   31.47
 186768.909  1215.764     1.42   31.47
 187057.407  1222.715    24.09   34.74
 187345.894  1231.324    29.84   38.68
 187634.368  1249.059    61.47   45.51
 187922.831  1260.793    40.67   44.26
 188211.282  1266.894    21.15   41.45
 188499.722  1268.246     4.69   40.82
 188788.149  1249.887   -63.64   53.52
 189076.565  1237.499   -42.95   52.52
 189364.969  1229.959   -26.14   52.03
 189653.361  1233.928    13.76   51.09
 189941.741  1234.447     1.80   46.68
 190230.110  1237.036     8.98   44.31
 190518.467  1244.971    27.51   38.59
 190806.812  1250.032    17.55   30.94
 191095.145  1238.858   -38.75   24.84
 191383.467  1228.786   -34.93   18.25
 191671.776  1222.934   -20.30   17.13
 191960.074  1217.694   -18.17   15.81
 192248.361  1213.432   -14.78   15.80
 192536.635  1208.771   -16.17   12.77
 192824.898  1207.524    -4.32   12.22
 193113.149  1209.449     6.68   15.45
 193401.389  1212.554    10.77   18.22
 193689.616  1216.601    14.04   19.80
 193977.832  1221.940    18.52   21.18
 194266.036  1224.215     7.89   19.61
 194554.228  1224.261     0.16   17.96
 194842.409  1224.371     0.38   16.56
 195130.578  1223.066    -4.53   12.81
 195418.735  1223.552     1.68   10.42
 195706.881  1225.786     7.75   10.27
 195995.014  1229.506    12.91    9.90
 196283.136  1233.543    14.01    8.91
 196571.247  1239.182    19.57   11.80
 196859.345  1245.483    21.87   16.86
 197147.432  1260.373    51.68   35.04
 197435.507  1277.674    60.05   51.78
 197723.571  1301.856    83.94   61.45
 198011.623  1321.621    68.61   63.07
 198299.663  1335.465    48.06   58.55
 198587.691  1340.449    17.30   54.15
 198875.708  1337.751    -9.37   53.75
 199163.713  1322.355   -53.45   55.77
 199451.706  1308.097   -49.50   53.93
 199739.687  1294.152   -48.41   44.59
 200027.657  1287.476   -23.18   32.75
 200315.615  1285.063    -8.38   29.32
 200603.562  1292.741    26.66   36.45
 200891.497  1305.637    44.78   44.44
 201179.420  1319.586    48.44   48.13
 201467.331  1335.340    54.71   50.19
 201755.231  1351.109    54.77   54.16
 202043.119  1363.340    42.48   50.55
 202330.996  1375.456    42.08   48.47
 202618.860  1381.465    20.87   47.02
 202906.713  1383.324     6.46   41.93
 203194.555  1387.699    15.20   41.69
 203482.385  1397.582    34.33   50.99
 203770.203  1416.106    64.35   67.41
 204058.009  1441.166    87.06   72.31
 204345.804  1454.217    45.34   66.64
 204633.587  1452.018    -7.64   67.30
 204921.359  1442.996   -31.35   69.37
 205209.118  1424.678   -63.65   75.17
 205496.867  1394.909  -103.44   87.25
 205784.603  1373.731   -73.59   86.85
 206072.328  1349.594   -83.87   83.80
 206360.041  1327.245   -77.67   87.76
 206647.743  1303.292   -83.24   96.81
 206935.433  1262.465  -141.89  114.10
 207223.111  1226.463  -125.13  117.33
 207510.778  1181.371  -156.73  111.35
 207798.433  1121.294  -208.82   96.49
 208086.076  1062.684  -203.73   95.48
 208373.708   998.874  -221.81  119.60
 208661.328   933.840  -226.08  142.45
 208948.937   854.506  -275.80  151.43
 209236.534   780.264  -258.11  133.50
 209524.119   722.688  -200.17  110.30
 209811.693   666.663  -194.79   81.16
 210099.255   622.991  -151.85   66.03
 210386.806   599.668   -81.10   59.50
 210674.345   586.965   -44.17   49.21
 210961.872   584.840    -7.39   47.68
 211249.388   593.094    28.70   52.28
 211536.892   606.512    46.66   51.98
 211824.384   618.610    42.08   42.07
 212111.865   619.278     2.32   41.19
 212399.334   607.195   -42.03   47.71
 212686.792   585.632   -75.00   50.12
 212974.238   562.847   -79.25   45.19
 213261.673   542.188   -71.86   35.92
 213550.950   524.574   -60.88   22.89
 213840.898   515.261   -32.12   17.12
 214130.833   510.711   -15.69   16.38
 214420.757   505.389   -18.36   11.71
 214710.668   502.262   -10.78    5.68
 215000.568   501.478    -2.70    5.12
 215290.457   500.039    -4.97    5.41
 215580.333   498.711    -4.58    5.57
 215870.197   497.262    -5.00    5.78
 216160.050   496.195    -3.68    5.91
 216449.891   499.658    11.94   12.15
 216739.720   506.740    24.43   22.40
 217029.538   517.168    35.98   31.14
 217319.343   535.356    62.75   40.35
 217609.137   554.771    66.98   45.17
 217898.919   571.390    57.34   42.60
 218188.689   588.509    59.07   40.97
 218478.448   611.446    79.15   43.84
 218768.194   630.056    64.22   45.76
 219057.929   651.731    74.80   46.43
 219347.652   667.418    54.14   46.47
 219637.364   679.724    42.47   50.03
 219927.063   704.432    85.27   58.21
 220216.751   729.877    87.82   68.93
 220506.427   762.052   111.06   81.85
 220796.091   793.203   107.53   82.57
 221085.744   825.262   110.66   66.73
 221375.385   835.391    34.97   55.11
 221665.014   836.449     3.65   60.74
 221954.631   846.385    34.30   65.36
 222244.236   864.127    61.25   82.56
 222533.830   890.740    91.88  102.26
 222823.412   928.277   129.61  112.61
 223112.982   970.226   144.84  110.41
 223402.541  1003.753   115.77   99.73
 223692.087  1038.934   121.48   90.10
 223981.623  1081.762   147.90   82.88
 224271.146  1108.090    90.92   75.18
 224560.657  1113.902    20.07   69.13
 224850.157  1099.213   -50.73   79.59
 225139.645  1072.179   -93.37   89.30
 225429.122  1051.496   -71.44   95.89
 225718.586  1017.786  -116.44   87.95
 226008.039   994.186   -81.52   65.23
 226297.480   979.309   -51.39   41.58
 226586.910   981.215     6.59   40.69
 226876.328  1014.324   114.38   87.79
 227165.734  1069.715   191.36  127.67
 227455.128  1147.582   269.03  159.69
 227744.511  1208.902   211.87  153.68
 228033.881  1267.071   200.98  131.12
 228323.241  1317.918   175.70   84.23
 228612.588  1356.974   134.96   64.09
 228901.924  1390.137   114.60   67.26
 229191.248  1433.369   149.40   93.82
 229480.561  1476.143   147.82  107.75
 229769.861  1515.906   137.43   98.79
 230059.150  1547.663   109.76   80.54
 230348.428  1577.358   102.64   53.94
 230637.693  1595.094    61.30   44.46
 230926.947  1594.658    -1.51   49.42
 231216.190  1566.540   -97.20   79.62
 231505.420  1527.158  -136.14  113.64
 231794.639  1472.912  -187.53  145.09
 232083.846  1397.873  -259.42  170.25
 232373.042  1313.143  -292.94  171.56
 232662.226  1243.566  -240.56  149.01
 232951.398  1171.626  -248.74  108.16
 233240.559  1134.918  -126.93   83.02
 233529.708  1106.705   -97.56   47.29
 233818.845  1093.785   -44.68   31.44
 234107.971  1106.420    43.69   47.34
 234397.085  1121.824    53.27   65.46
 234686.187  1147.277    88.03   69.51
 234975.277  1154.606    25.34   64.71
 235264.356  1161.663    24.41   58.39
 235553.424  1167.481    20.12   54.95
 235842.480  1169.792     8.00   64.82
 236131.524  1158.309   -39.72   75.35
 236420.556  1143.166   -52.38   88.38
 236709.577  1121.840   -73.77   97.79
 236998.586  1108.309   -46.81  116.17
 237287.583  1070.606  -130.44  118.71
 237576.569  1025.615  -155.66  113.44
 237865.544   997.309   -97.94   99.07
 238154.506   978.292   -65.80   78.39
 238443.457   981.201    10.07   86.75
 238732.397  1007.124    89.70  114.69
 239021.324  1051.832   154.71  131.38
 239310.240  1100.090   167.00  132.14
 239599.145  1158.965   203.75  114.26
 239888.038  1205.241   160.16  106.29
 240176.919  1238.355   114.61   83.77
 240465.789  1246.627    28.63   70.76
 240754.647  1242.417   -14.57   74.28
 241043.493  1223.509   -65.45   84.78
 241332.328  1194.012  -102.11  100.23
 241621.152  1149.641  -153.60  101.31
 241909.963  1101.293  -167.37   99.30
 242198.763  1040.718  -209.71  112.65
 242487.552   985.249  -192.04  121.37
 242776.329   931.078  -187.55  114.09
 243065.094   879.715  -177.84   93.50
 243353.848   840.472  -135.88   73.76
 243642.590   809.007  -108.95   46.76
 243931.321   785.543   -81.25   29.28
 244220.039   771.199   -49.67   24.49
 244508.747   762.559   -29.92   23.72
 244797.443   754.074   -29.38   22.20
 245086.127   747.769   -21.84   15.02
 245374.800   748.753     3.41   15.57
 245663.461   750.182     4.95   16.71
 245952.110   755.678    19.04   19.76
 246240.748   760.764    17.62   22.62
 246529.375   771.355    36.69   28.67
 246817.990   787.340    55.38   38.20
 247106.593   804.062    57.93   51.14
 247395.185   826.434    77.51   61.79
 247683.765   851.740    87.68   63.67
 247972.333   876.699    86.48   62.02
 248260.891   910.946   118.66   66.57
 248549.436   939.494    98.92   67.51
 248837.970   970.274   106.66   67.00
 249126.493   993.715    81.23   69.43
 249415.004  1018.626    86.33   63.20
 249703.503  1045.355    92.63   64.28
 249991.991  1069.986    85.36   56.45
 250280.467  1096.355    91.39   63.28
 250568.932  1123.669    94.67   58.06
 250857.385  1139.928    56.36   62.01
 251145.827  1158.012    62.68   62.17
 251434.257  1179.774    75.44   60.64
